MicroRNA	Sample_P004	Sample_P018	Sample_P010	Sample_P020	Sample_P015	Sample_P005	Sample_P007	Sample_P011	Sample_P009	Sample_P001	Sample_P006	Sample_P016	Sample_P019	Sample_P013	Sample_P012	Sample_P014	Sample_P017	Sample_P003	Sample_P002	Sample_P008
hsa-miR-576-3p	1	10	9	12	2	2	3	7	11	1	12	12	9	12	3	2	13	3	5	3
hsa-miR-140-5p	15	126	175	141	16	28	17	153	120	25	107	143	52	151	46	67	148	40	61	17
hsa-miR-2682-5p												1								
hsa-miR-520f-3p			1	2	1							1								
hsa-miR-522-5p				0.333333333333333	0.166666666666667															
hsa-miR-1298-5p														1			1			
hsa-miR-133a-3p	3680	12014	1077	1093.5	26.5	18016	4672.5	12436.5	14	59	19227.5	17337	21	43626	15061.5	663.5	56568	53656.5	8294.5	872
hsa-miR-487a-3p	1	7	5	8	4	1	2	7		1	3	6	1	11	1	2	12		4	
hsa-miR-548av-5p												2								
hsa-miR-30d-5p	6700	11499	11606	20103	4665.5	14738	8255.5	21423	9285	4911.5	13927	11075.5	7017.5	29105.5	10350.5	19876.5	24024	16851.5	18961.5	6662
hsa-miR-6827-3p															1	2		1		1
hsa-miR-4649-5p																		1		
hsa-miR-518d-5p				0.25																
hsa-miR-665	3	9	10	9	10	6	2	16	10	6	5	10	9	20	4	3	24	5	6	2
hsa-miR-4740-5p				1			1					1			1		3			
hsa-miR-7108-5p								1										2		
hsa-miR-520b				0.5								0.5								
hsa-miR-6887-5p	1					1													2	
hsa-miR-3622a-5p	2	1	2	2		1	4	6	1	2	3	1			1	6	11	4		1
hsa-miR-3690		2	10	10	4			2	5			1	1	1		2	3	4		1
hsa-miR-34b-5p		35	30	14	5	12	1	18	10		4	19		29.5	5	2	22	2	9	8
hsa-miR-381-3p	90	834	357	677	98	446	123	1159	235	60	1925	307	121	1312	511	131	1656.5	326	284	43
hsa-miR-4709-3p										1				1						
hsa-miR-518a-3p																	1			
hsa-miR-6786-3p	1	3	1					2								1				1
hsa-miR-6738-5p					1															
hsa-miR-645														1						
hsa-miR-374b-3p		6	12	2	1	3	1	5	5		7	14		2		1	4	1		
hsa-miR-17-5p	114.166666666667	623.5	1153.83333333333	324.333333333333	149.5	133.333333333333	153.333333333333	746.5	548.5	32.3333333333333	480.666666666667	562.666666666667	240.5	745.666666666667	430.166666666667	320.666666666667	458	135.166666666667	409.5	137
hsa-miR-6895-3p							1		1			1	1							
hsa-miR-6873-5p						1														
hsa-miR-448											1									
hsa-miR-3200-5p	1		1									1			1		1	1		
hsa-miR-3681-5p				1				1			1									
hsa-miR-548s		1	1	1				1												
hsa-miR-515-5p		1	1	13							2	3							1	
hsa-miR-6891-5p								1						1						
hsa-miR-92b-3p	790.5	845.5	2389	747.5	636.5	1758	602	2135.5	619	387.5	611.5	933	692	1864.5	1093.5	2444	1200	1657.5	1628.5	697.5
hsa-miR-3940-5p										1		1				1				1
hsa-miR-3680-5p																		1		
hsa-miR-431-3p		8	9	7	1	14	2	15	3	3	12	2	7	26	7	3	20	9	6	2
hsa-miR-103a-2-5p	1	7	10	10	1	3		5	3	1	4	2	1	3	1	2	9	2	4	
hsa-miR-6877-5p																	2			1
hsa-miR-1298-3p								1												2
hsa-miR-3187-3p		1		2		1				2							1			
hsa-miR-3155a			1			1	1	2												1
hsa-miR-5089-3p																		1		
hsa-miR-758-5p				3									1	3					2	
hsa-miR-4695-3p	21	24	16	27	20	19	16	31	15	13	23	27	26	17	56	44	11	24	33	16
hsa-miR-377-5p	2	15	4	16	1	19	1	20	3	3	13	2	6	26	3	2	29	10	10	
hsa-miR-4328													1			1	1		1	
hsa-miR-450a-2-3p			1		1				1								1			
hsa-miR-202-3p													1							
hsa-miR-541-5p														1					1	
hsa-miR-5196-3p	2			2												1			1	1
hsa-miR-3622a-3p	1	2				5					2				1	3	2	4	3	2
hsa-miR-6793-3p	1	2	4		1	3	1	3		2	2		1	4	1	3	1	1	2	1
hsa-miR-6515-3p	1				2	1		1	1		1			1		1			1	
hsa-miR-4314				2				1		1	2									
hsa-miR-1276	1		5		2	1		5			1	2	1	1	3	3			1	
hsa-miR-2114-3p		1	1	1	1		1				2							1		
hsa-miR-2276-3p		1	1					1												
hsa-miR-615-5p											2								1	
hsa-miR-3120-3p			1										2					1		
hsa-miR-6780b-5p																		1		
hsa-miR-1306-5p	4	2	4	3	2	17	14	15	2	2	2	5	6	12	3	8	10	12	4	5
hsa-miR-519b-3p				1								1								
hsa-miR-3677-3p	1	3	4	1	4	1		6	6		3	2	3	3	3	1	5		1	2
hsa-miR-138-1-3p		4	1	3	3		2	6	4	3				1	1	1	1	1	1	
hsa-miR-4641																1	1			
hsa-miR-489-3p		7	5	8		2	1	15	8		10	16		12	6	7	18	2	1	
hsa-miR-23a-3p	1929.5	8616	12009.5	4244	2310.5	3825	2808.5	13711	5541	914	7433	6308	2347.5	11109.5	5434.5	7052.5	7549.5	5170	7737	2678
hsa-miR-4520b-3p	0.5	2.5	2.5		0.5	0.5		1	1		1.5	1		1.5			0.5		2	0.5
hsa-miR-370-5p		3		1				3	1		1	1		5						
hsa-miR-4732-5p			1			1	1										1		1	
hsa-miR-6796-5p									1	1						1	1			
hsa-miR-675-3p	22	9	32	10	19	69	40	60		1	12	27	4	80	38	61	53	124	35	16
hsa-miR-1269a	1			1			2	4			48		50		1	14				
hsa-miR-2110	8	8	20	11	4	20	11	23	4	4	14	5	5	29	7	25	14	27	15	5
hsa-miR-1237-5p								2												
hsa-miR-4421								3									1	1		
hsa-miR-483-3p	8	5	4	13	5	30	7	18	9	29	12	11	16	24	4	36	23	68	18	2
hsa-miR-3195	97	112	89	156	201	193	51	271	104	301	72	164	136	77	264	262	236	167	146	128
hsa-miR-4659a-3p			2																	
hsa-miR-193a-5p	19	39	44	46	14	33	20	51	25	9	21	21	19	69	18	51	77	56	33	18
hsa-miR-146a-5p	225.5	1141.5	4633.5	5949.5	410	236	133	4403	8286.5	228.5	495.5	4839.5	1185.5	1187	394.5	845.5	3266.5	241.5	1173	99
hsa-miR-2278		1	3	3	3				2		1	1	1			1	2		2	
hsa-miR-425-3p	7	46	75	74	11	26	14	72	57	11	30	60	37	103	32	42	93	23	50	15
hsa-miR-1179		1		1												1		1		
hsa-miR-5002-5p									1				1							
hsa-let-7a-3p	9	131	158	62	14	11	11	76.5	57	4	59	87	15	65	34	27.5	41	15	36	10
hsa-miR-380-5p				1									1			1				
hsa-miR-3691-5p			5					1					1		1	1	4			
hsa-miR-19b-1-5p	1	3	8			1		2			3	5	1	5		1	1		2	1
hsa-miR-4488	17	13	55	26	34	27	14	19	15	36	17	15	23	9	52	37	27	19	20	18
hsa-miR-500a-5p	1.5	15.5	34.3333333333333	8.5	10.5	8.5	3.5	27	22		14.5	18.5	7.5	34.5	9	17.5	36	16.5	21.5	4
hsa-miR-744-5p	111	174	200	209	63	223	142	249	157	45	197	129	139	326	137	246	209	201	195	97
hsa-miR-532-3p	33	46	55	96	27	93	38	127	46	12	57	55	29	126	62	176	85	100	106	35
hsa-miR-6813-3p				1									1				1	1		1
hsa-miR-26a-2-3p		2	12	2				7	2		2	10	1	5	2	2	6	2	4	
hsa-miR-3605-3p	1	3	2	10	1	9	1	5	5	1	4	3		2	4	7	9	7	1	
hsa-miR-34a-3p		25	11	19	6	5	2	6	7		13	13	7	25	3	6	13	4	5	2
hsa-miR-4677-3p	1	21	31	30	1	5	2	18	19	5	7	11	7	17	7	4	6		4	1
hsa-miR-758-3p	2	19	8	21	6	3	1	12	13		10	10	23	37	5	6	22	3	7	2
hsa-miR-4274			1								1				1					
hsa-miR-3150b-3p	2	2	1	1	2		3	2	1			3	1	3	5	1	1	2	1	
hsa-miR-4797-3p		1	1											1						1
hsa-miR-598-5p						1											1			
hsa-miR-548ar-3p								1												
hsa-miR-4690-3p						1														
hsa-miR-202-5p				2					1			3								
hsa-miR-4638-5p								4				1					1			
hsa-miR-4300		1																		1
hsa-miR-378d	12.6666666666667	142.916666666667	81.4166666666667	63.3333333333333	14	27.8333333333333	17.6666666666667	111	29.9166666666667	2.5	173.666666666667	153.583333333333	8	202.083333333333	103.5	19.5833333333333	357.583333333333	95.4166666666667	40	10.5
hsa-miR-6868-3p														1	1			1		
hsa-miR-6511a-5p				0.5		0.5	0.5	1				0.5		0.5	0.5		0.5	1.5		
hsa-miR-101-5p	3	34	38	35	3	6	6	29	26	4	41	43	3	43	17	16	29	12	16	4
hsa-miR-6771-3p				1		1										1				
hsa-miR-4668-5p		1	2	1		1							1						1	
hsa-miR-6730-3p														1						
hsa-miR-6748-3p									1										2	
hsa-miR-4671-5p		1												1						
hsa-miR-1248	18	68	105	110	51	18	23	51	59	16	44	96	60	35	47	38	14	16	48	33
hsa-miR-5092		1	1									1								
hsa-miR-6826-5p			1	2			1					1		1	1					
hsa-miR-4463			1							1								3	1	
hsa-miR-548b-5p		2	2	3		1		5			2			2	1	1	2	1	1	1
hsa-miR-4513									1											
hsa-miR-4763-5p	1		17					1					1							
hsa-miR-518e-5p				0.333333333333333	0.166666666666667															
hsa-miR-6132					1															
hsa-miR-579-5p		1					1	1					3							
hsa-miR-1306-3p		2	3	2		2						1		3		1		2		
hsa-miR-3917							2	1	1							1		1		
hsa-miR-205-5p	34240	133062	109476	11827	40028	133029	55874	157652	67939	18014	96279	45452	71441	116654	92061	109849	57859	44420	113549	104708
hsa-miR-496		3	1	9	2	1		3	3		3	3	7	7	1		2	1	3	
hsa-miR-320c	15.8333333333333	20.5	37	26	9	49.4166666666667	21.6666666666667	57.4166666666667	14	18.5	20.6666666666667	13.6666666666667	21	42.6666666666667	28.6666666666667	38.3333333333333	43	52.3333333333333	45.3666666666667	22
hsa-miR-6836-5p		1				1					1								1	
hsa-miR-6818-3p						1	1	1				1		2			1			
hsa-miR-6515-5p	1							1	1					1						1
hsa-miR-653-5p		3	3	5		1		13	2		3	3		6	1	3	3	1	2	1
hsa-miR-6503-5p	1	3	4	3		1		1	4	1			4			3	9	2		
hsa-miR-3162-3p		1		1	1	1	1	1		2						2		2		1
hsa-miR-4477a				1				1												
hsa-miR-4722-5p						2														
hsa-miR-6504-5p	1		3					2			1	1					2		1	
hsa-miR-375	139	317	2086	20420	4	436	689	461	17	11	4402	19	151	1362	513	160	506	27	3022	253
hsa-miR-627-5p	1	2	9	5				3	4		3	1	2	4	4	1	6			
hsa-miR-424-3p	2	19	9	36	22	8	1	31	23	5	10	43	14	18	13	6	11	3	13	4
hsa-miR-1277-5p		24	46	7		3	2	11	18		12	30	1	7	3	2	7		8	2
hsa-miR-513a-3p									1.5											
hsa-miR-3074-5p			4	1				1	2			1	1	1		1				
hsa-miR-210-5p	9	10	32	6	5	29	21	19	15	1	27	2	10	23	25	13	16	20	18	9
hsa-miR-95-5p	2	5	10	1	1		1	4	2	1	7	17		10			7	3	2	
hsa-miR-4708-3p	1	1															1	1		
hsa-miR-3173-5p	1	1	1	1												1		1	1	
hsa-miR-4748		1																		
hsa-miR-4302					1								1		1					
hsa-miR-223-3p	38	111	1153	1227	212	163	47	376	306	99	89	925	353	208	60	165	453	99	144	25
hsa-miR-4634	1	1	2	2	3	3	3	9	1	3		3			2	1	4	1	1	1
hsa-miR-142-5p	427	5399	28563	9474	4575	1210	422	16110	21553	812	2068	25833	5540	5571	1024	4316	20971	766	1782	181
hsa-miR-6803-3p	1	2		1		5		3				1	2			3		10	1	2
hsa-miR-664b-5p						2		1		1		1	1	1		1	3			
hsa-miR-4525			1			1														
hsa-miR-486-3p	16	48	12	34	23	89	13	30	22	12	47	75	18	92	59	30	131	267	54	3
hsa-miR-6511a-3p	5	7	2	9	1	15	1	7	3	8	2	1		14	4	11	9	16	8	4
hsa-miR-449a	1		3					10	3		2	3	1	1	3		4	1	1	
hsa-miR-5583-5p									1		1								1	
hsa-miR-5001-5p						1	1	1			1	1					1			
hsa-miR-3619-5p													1	1					1	
hsa-miR-766-3p	8	13	43	22	13	39	14	59	31	14	5	41	33	28	15	41	46	41	20	3
hsa-miR-487b-3p	7	44	28	70	28	14	1	62	29	6	46	32	12	114	12	30	57	18	22	4
hsa-miR-330-3p	8	31	30	9	18	17	28	37	19	7	19	18	15	35	34	44	34	22	41	4
hsa-miR-186-3p		4	3	6		2		2	1		1	1		5	1		1	1		
hsa-miR-4257												1								
hsa-miR-4264													1							
hsa-miR-92b-5p			3		5		2	1				1	2	2		3	1	1	2	1
hsa-miR-6769b-3p			1	1		9	7	7	2			4		1		4			1	3
hsa-miR-6829-3p				1				1									1			
hsa-miR-6766-3p						2	2						1		1		2		3	
hsa-miR-10a-3p	2	2	2	2	1	4		8	1	2	8	5	1	7		3	6	6	4	
hsa-miR-6815-3p														1						
hsa-miR-3202												1		1			1			
hsa-miR-4710			1																	
hsa-miR-200a-5p	12	64	93	184	12	10	16	48	35		81	62	42	52	29	18	22	6	58	13
hsa-miR-943		2		1		1							1	1	1		1	1	1	
hsa-miR-6890-3p					1									1						
hsa-miR-3910	1		1								1									
hsa-let-7b-3p	94.5	248.5	159	211	104.5	203.5	124	345.5	140.5	98.5	132	129.5	149.5	267	127.5	292.5	148.5	266.5	235.5	88
hsa-miR-146b-3p	5	37	134	100	13	9	2	74	60	4	13	119	24	27	13	19	120	9	20	4
hsa-miR-885-5p	8	5	7	214	1	11	5	16	5		13	7		7	10	11	23	25	12	10
hsa-miR-1282															1					
hsa-miR-4715-3p							1													
hsa-miR-3124-5p												1	1							
hsa-miR-4731-5p			1			1										1				
hsa-miR-4750-5p				2														1		
hsa-miR-191-3p	1	2	3	4			2	3	1	1	1	3	1		2	2	3			
hsa-let-7g-3p	6	40	43	35	7	11	8	44	20	12	21	45	9	35	13	14	43	9	23	7
hsa-miR-1301-5p					1															
hsa-miR-551b-5p								1												
hsa-miR-3928-3p	1	5	5	1		1	1	5	4		1	5		1	3	3	2	3	1	
hsa-miR-769-5p	150	658	655	546	182	226	157	749	556	86	537	527	335	765	306	482	1017	217	544	137
hsa-miR-20a-3p		6	9	1		1	2	5	6		7	7		2	6	1	4	1	3	2
hsa-miR-19a-3p	104.5	1125	2134.5	781	177.5	108.5	126	742.5	937	34.5	719.5	1431	241.5	842.5	360	215	746.5	105.5	309.5	94
hsa-miR-381-5p	2	1	2	1	1	1	1	3	1		4			1	2		9	1	1	
hsa-miR-6787-3p			1										1							
hsa-miR-1915-3p							1					1								
hsa-miR-6741-3p			2	1	1	3	1	1		1				1	1	1		1	1	1
hsa-miR-7155-5p				1			1													
hsa-miR-6845-5p				1															1	
hsa-miR-603																			0.333333333333333	
hsa-miR-4505												1								
hsa-miR-32-5p	9	96	251	50	13	14	9	60	86	8	48	151	14	36	15	18	47	10	29	9
hsa-miR-4633-3p			1					1					1							
hsa-miR-5706			2					1							1		1			
hsa-miR-1273f		1	1	1				1				1								
hsa-miR-1301-3p	2	12	20	25	5	2	3	13	9		4	13	11	25	4	6	15	9	8	
hsa-miR-3938									1											
hsa-miR-7848-3p								1												
hsa-miR-371b-3p				1					1			1								
hsa-miR-7112-3p																			1	
hsa-miR-668-3p		1		1	1	1		2	1		2	1	1	1		1		2	3	1
hsa-miR-370-3p	4	14	16	16	4	10	2	9	9	2	7	7	13	11	2	3	34	10	5	3
hsa-miR-574-3p	332	573	427	1088	385	1267	574	1187	432	573	576	370	328	1353	663	1487	716	1871	1029	421
hsa-miR-23a-5p			1				2	2	1		1	4		1		1		1		
hsa-miR-6716-3p	1			1		1	1	6	1	1			1	2	3	1	2		2	1
hsa-miR-342-3p	404	1080	2470	1674	1041	1246	544	3538	3257	494	629	2257	1379	1860	607	2281	3375	1450	1565	379
hsa-miR-329-5p																		1		
hsa-miR-372-3p																	1			
hsa-miR-5587-5p		2	1		1			1					1	1	4	2				
hsa-miR-584-5p	8	59	94	15	5	13	11	44	21	1	52	52	11	56	35	22	44	14	44	12
hsa-miR-4479								1					1							
hsa-miR-4326	1	4		6		5	3	8	1	1		4	4	2	2	3	1	2		1
hsa-let-7b-5p	1698	10429.5	7974	6983.5	1926.5	3743.5	1649.5	12281	4779	1078	5431.5	5295.5	2571	7786	3654.5	5656	7259.5	4806.5	6376	1457
hsa-miR-542-5p		6	3	17	6	1	1	9	7	2	7	11	3	14	1	6	8		2	
hsa-miR-19b-3p	587.5	5126	5971.5	4989	852.5	954.5	721	3772.5	4013	210.5	3452.5	4313	1165.5	5200.5	1876	1292	4611.5	856.5	2199.5	713
hsa-miR-4255			1			1														
hsa-miR-675-5p	4		9		3	3	1	8			3	3		11	5	9	13	12	6	
hsa-miR-199a-5p	665.5	4272.5	2634.5	3270	1772.5	1526.5	1147	7194.5	3714.5	1733.5	3652.5	3066	3118	10852.5	3070	3636.5	5254.5	2395.5	3312.5	893.5
hsa-miR-5680		1	1	2					2											
hsa-miR-6735-5p						1						1				1		1		
hsa-miR-4455		2	7					3	2			4		1	1		1		1	
hsa-miR-30a-5p	2753.5	16366	7363	51126.5	1604	4163	2890	17951	9050.5	2367	16961.5	12477	2630	27234.5	8659	8996	26399.5	9352	13738	1913.5
hsa-miR-3682-3p		1																		
hsa-miR-6844											2									
hsa-miR-6805-3p				2		1			1		1	2	4	1		1		1		1
hsa-miR-6718-5p				2																
hsa-miR-6828-5p																1				
hsa-miR-939-3p	1			1							1				1				1	
hsa-miR-136-3p	44	607	336	641	77	74	41	537	393	54	624	431	113	977	189	110	696	103	156	30
hsa-miR-519a-3p				11								2		1			1			
hsa-miR-339-3p	11	72	79	153	30	37	19	106	69	34	71	75	53	109	45	54	97	48	81	16
hsa-miR-5003-3p			1									1		1						
hsa-miR-1246	391.5	282	647.5	474.5	231	213	227.5	304.5	389.5	50	295.5	306	396.5	400	344.5	310	372.5	333	291	185
hsa-miR-576-5p	3	9	48	9	4	3	4	23	14	1	16	20	7	13	3	4	22	6	11	3
hsa-miR-3135b		1				1				2			1							
hsa-miR-129-1-3p						6	1				1	2	1	2	2	10	3	5	2	0.5
hsa-miR-6762-3p						1		1			1	2	1	2		1				
hsa-miR-876-5p									1											
hsa-miR-3145-5p					1									1						
hsa-miR-4436b-3p			1		2															
hsa-miR-4664-5p			1					2										1		
hsa-miR-6791-3p					1					1					1					
hsa-miR-3692-3p																	1			
hsa-miR-582-5p	6	71	161	165	15	7	13	58	55	1	60	103	20	77	15	12	24	8	40	6
hsa-miR-338-5p	6	159	78	56	2	4	8	100	25	4	47	70	5	91	18	44	186	29	58	5
hsa-miR-1470		2													1					
hsa-miR-543	2	11	10	9	1	2	1	13	6		12	6	2	11	1	5	13	5	8	
hsa-miR-4419b						1														
hsa-miR-4291											1		1							
hsa-miR-766-5p		1		2		4		1	2			3					1			
hsa-miR-151b	10.5	46.3333333333333	49.3333333333333	82.8333333333333	12	17.5	11	79.6666666666667	25.8333333333333	10	44.5	45.3333333333333	16.5	92.5	42	61.5	70.5	28.3333333333333	33.5	6.83333333333333
hsa-miR-211-3p		1						1										3		
hsa-miR-1271-3p		1	5					1				2		2	2					
hsa-miR-200c-3p	478	2229	2597	3815.5	666.5	1615	926	3110.5	1275	154	1796.5	1052	839	2221	1275	1440	1182.5	1091	2794	839.5
hsa-miR-301b	5	36	42	39	4	4	4.5	37	36		34	31.5	20	39	26	17	30	4	9	2
hsa-miR-96-5p	8	101	130	51	12	16	9	49	38	4	39	78	6	21	17	19	28	7	38	5
hsa-miR-5579-5p			1											2			1			
hsa-miR-887-3p	7	19	19	21	3	24	4	41	6	7	16	19	14	38	9	25	50	18	32	7
hsa-miR-618		2	5	1		1		2	4	2		9	2	2	1	2				
hsa-miR-1228-3p	1	1	6	1	2	5	2	3		1	3		4	1	4	1	3	2	1	1
hsa-miR-106a-3p					1												1		1	
hsa-miR-4721												1			1					
hsa-miR-549a			1	4					1			4	1	3	2				1	1
hsa-miR-491-5p	2	2	1	6	1	3	3	7	2		3	4	2	2	1	4	7	4	10	2
hsa-miR-548al		2	1	2				1			2	4		5		1	1	3		
hsa-miR-4685-3p	1		4	3		8	4	7	2	1	1	1	2		2	3	7	4	5	2
hsa-miR-6765-3p	345	1298	1273	1219	761	546	576	1151	519	137	1194	1301	672	1650	1086	720	1387	625	841	477
hsa-miR-511-3p	1	15	22	14	2	3	4	4	16		10	26	4	15	5	7	12	1	4	
hsa-miR-17-3p	11	106	167	71	16	11	11	89	74	11	68	96	28	119	54	34	71	13	46	13
hsa-miR-4286	584	1501	829	1514	1045	1082	876	1574	544	401	1357	996	988	1540	1707	1684	1874	1482	1333	863
hsa-miR-5585-5p				1																
hsa-miR-4652-3p													1							
hsa-miR-627-3p		2	4	1	1			4	1		1	4	3	1					4	
hsa-miR-124-5p		1							2											
hsa-miR-6887-3p						3		1	1					2		3	2		1	
hsa-miR-196b-3p		2						1												1
hsa-miR-4449		1		1		1						1		1	1		1	2	1	1
hsa-miR-196a-3p		2			1	1		16	7		8	2				1	1			
hsa-miR-3200-3p		9	11	8	2		3	3	1		6	6	2	7	2	1	7	4	3	
hsa-miR-641	1	3	7	5	2	2	1	9	1		2	8	2	5	4		2	2	6	2
hsa-miR-320e	2.33333333333333	1.5	7.5	4	3	1.83333333333333	4	4	2.5	1.5	1	5	1.33333333333333	5.5	3.5	8.33333333333333	8	4.83333333333333	3.33333333333333	4.5
hsa-miR-4804-3p													1							
hsa-miR-1285-3p	2	30	57	13	23	5	3	39	20		18	32	20	28	20	14	20	2	11	6
hsa-miR-1193			1																	
hsa-miR-548ba				1				9	3					1						
hsa-miR-30a-3p	55.5	488.5	188.5	1112.5	30.5	89	74	497.5	203.5	53	452	329	63.5	635.5	210	216.5	705	186.5	289	42
hsa-miR-548d-3p	2		3									1	1	2						
hsa-miR-1912																				1
hsa-miR-525-5p				2																
hsa-miR-6733-3p		1	2					1							2					
hsa-miR-548az-5p	1		3.25					2.5	1		0.5	1.5	1		1					
hsa-miR-3194-5p	1	2	4	1		1	1	2				3	2	1	1	1	1	1		
hsa-miR-20b-5p	1.66666666666667	11.3333333333333	33.3333333333333	70	2	3.66666666666667	3.16666666666667	18	17	1.33333333333333	14.6666666666667	21.6666666666667	5.5	15.6666666666667	7.66666666666667	6.33333333333333	24	3.33333333333333	21.6666666666667	2.33333333333333
hsa-miR-4725-3p													1							
hsa-miR-5699-5p	1	5	3	3	1		1	4	2		4	2	3	3	1		5		2	
hsa-miR-1260a	524.5	724	760	776	714.5	1071.5	507	1177	373	244	549.5	527.5	586.5	661.5	1390.5	1374.5	584.5	1363	858.5	481.5
hsa-miR-5692c			1																	
hsa-miR-3161			2																	
hsa-miR-3591-5p		1									2			4			2	3		
hsa-miR-7849-3p												1								
hsa-miR-503-3p				1					1					2					1	
hsa-miR-6731-3p		1	1													2	1		2	
hsa-miR-1307-3p	97	287	353	191	118	149	126	391	124	29	239	234	137	275	228	192	374	117	252	100
hsa-miR-6859-3p											2						1			
hsa-miR-6763-3p	6	9	8	6	7	8	3	6	3	1	9	7	5	6	7	5	8	2	1	2
hsa-miR-92a-1-5p	3	6	11	6	1	1	1	11	8	3	6	6	3	11	6	8	2	1	6	3
hsa-miR-376a-3p	9	60	33	42	17	17	11	61.5	18	12	43	27	19	122	13	21	102	23.5	30	9
hsa-miR-5000-5p													1							
hsa-miR-548h-3p	0.5	0.5	2.16666666666667	1	0.5	0.5		3.5	4.58333333333333	0.333333333333333	0.666666666666667	2.5		3.16666666666667		1.33333333333333	4.33333333333333	0.5	1.16666666666667	
hsa-miR-4297									1						1		1			
hsa-miR-3065-5p	8	11	56	3	3	15	8	6	6		24	7		18	12	3	15	5	6	7
hsa-miR-1	13	156	14	5		30	11	74			132	299		184	71	1	307	77	19	3
hsa-miR-125b-2-3p	130	888	394	540	283	341	168	1437	319	165	656	290	329	853	448	594	685	410	441	180
hsa-miR-548am-5p	0.25	1.66666666666667	3	0.833333333333333	0.25	0.25		2.16666666666667	1.41666666666667			2.08333333333333	0.25	1.41666666666667	0.666666666666667		2	0.333333333333333	0.583333333333333	
hsa-miR-2392								1												1
hsa-miR-548t-3p				0.5		0.5		0.5				1		0.5	1					
hsa-miR-323b-3p	3	5	8	6	12	17	3	10	1	1	5	8	17	8	6	3	30	12	13	3
hsa-miR-1273c		1										1								
hsa-miR-2682-3p																1				
hsa-miR-5690	1	2	4		1												1			
hsa-miR-4489																	1			
hsa-miR-6862-3p																1				
hsa-miR-4418									1								1			
hsa-miR-891a-5p		5		5		2				2	2	2		5			9	2	6	1
hsa-miR-194-3p			3					3	2											1
hsa-miR-183-3p	9	12	10	8	4	7	7	8	6	1	13	8	3	16	6	12	8	4	15	8
hsa-miR-378f	21	112.75	81.75	69	12.5	28	28.5	110.5	65.25	3	135.5	87.75	22.5	175.75	70.5	24.75	307.25	103.25	50.5	4.5
hsa-miR-3119					1															
hsa-miR-223-5p		2	27	11	3	1		2	3			20	1	2		2	8	1	3	
hsa-miR-3606-3p													1							
hsa-miR-4640-3p	1	2	3			12	8	6			3	1		5	4	2	5	3	1	6
hsa-miR-106b-5p	38	586	1007	465	95	63	66	473	403	24	365	665	151	477	248	139	489	75	179	38
hsa-miR-4712-5p																1				
hsa-miR-4680-5p								1												
hsa-miR-147b		10	38	8	3		1	2	4		5	23	4	2			18			
hsa-miR-518b			3	9	2			1		1	1	3	1					3	3	
hsa-miR-379-5p	6	32	17	41	10	9	3	36	28	3	53	17	14	68	18	8	65	10	13	2
hsa-miR-3126-5p				1									1	2				1		
hsa-miR-4758-5p																		1		
hsa-miR-149-3p		1		2			1								1				2	
hsa-miR-26b-5p	997.5	9077	11670	10121	797.5	1134	922.5	9319.5	7181	878.5	6624.5	10101	1670.5	7172.5	3304	3141	5807.5	1389	3329.5	774.5
hsa-miR-1255b-5p									1			1	1							
hsa-miR-5708		1	1				3												1	
hsa-miR-670-3p		1																		
hsa-miR-6715a-3p												1								
hsa-miR-3912-5p									1											
hsa-miR-1236-3p						2														
hsa-miR-573		1	8		3			5	2		1	1		3			2		2	
hsa-miR-4276				3									1							
hsa-miR-4680-3p												1								
hsa-miR-6812-3p	3		2	1	1	2	1	1	1	3	1	1	3		5	3				2
hsa-miR-4783-5p			2	2		1				2		1			1			1		
hsa-let-7g-5p	270.166666666667	3849.16666666667	7778.66666666665	4126.83333333334	390.666666666667	393.333333333333	305.5	3818.50000000001	3590.16666666667	223.333333333333	2470.5	5556.83333333333	679.5	2663.5	1128	1021.16666666667	2790	531.5	1286.5	291.333333333333
hsa-miR-660-3p		3	3	4		2		3	3		2	2		2		4	3		4	
hsa-miR-4757-3p				1										1	1		2		1	
hsa-miR-4731-3p	1		1			2							1			2	2	1	1	1
hsa-miR-3655				1																
hsa-miR-1202												1								
hsa-miR-765			1																	
hsa-miR-628-3p	1	5	2	15	2	4		12	7		6	10	3	9	2	6	17	3	8	
hsa-miR-3687	10	10	11	6	15	4	8	6	12	15	7	18	23	6	4	4	4	4	14	17
hsa-miR-4511					1							1					2		1	
hsa-miR-3131																				1
hsa-miR-532-5p	122	700	926	1020	262	220	157	1086	650	54	586	794	343	1059	478	607	1114	271	564	111
hsa-miR-296-5p	3	4	16	20	6	21	7	7	5	6	6	2	6	10	9	13	15	22	16	4
hsa-miR-197-5p			1		1	1		2									1			
hsa-miR-34b-3p	1	8	6	3	4	17	4	5	1		2	6	1	22	3	6	7	8	6	3
hsa-miR-378a-5p	79	186	117	120	26	221	84	239	87	13	214	166	52	420	146	86	514	621	170	26
hsa-miR-6769a-3p						1												1		
hsa-miR-580-5p								1												
hsa-miR-519e-5p				2																
hsa-miR-6802-5p							2													
hsa-miR-1911-5p													4							
hsa-miR-6128	0.5	2.16666666666667	0.5					3	2		0.5	1.5	1	3.33333333333333	2.5	1.5	3.33333333333333	1		
hsa-miR-20a-5p	93.6666666666667	956	1673.83333333333	418.833333333333	104	120.833333333333	127.833333333333	841	694.5	26.3333333333333	595.166666666667	873.666666666667	202	772.666666666667	346.666666666667	233.166666666667	490	117.166666666667	407	135
hsa-miR-5586-5p			1																	
hsa-miR-494-5p											1									
hsa-miR-106a-5p	0.5	10.1666666666667	22	34.8333333333333	1.5	4.16666666666667	2.66666666666667	12.5	9		14.5	13	3	13	6.5	3.83333333333333	12	2.33333333333333	10.8333333333333	2.66666666666667
hsa-miR-4714-5p		1														1				
hsa-miR-4654								1									1			
hsa-miR-188-3p	1	6	3	6	4	4		3	2		4	2	2	2	4	3	7	1	1	
hsa-miR-21-3p	95	2668	8119	1697	646	151	73	1397	1446	65	525	4910	820	1413	330	334	1582	83	565	80
hsa-miR-6859-5p				2	1	1		3						2		1	2	1		
hsa-miR-2355-3p		1	2										1	1	1					
hsa-miR-148b-3p	83.5	1173	1428.5	1704.66666666667	161.5	131.5	91	1005.16666666667	963.5	58	801.333333333333	1021	223	779	404	266	583.333333333333	141.5	351.166666666667	80
hsa-miR-590-3p	3	24	94	11	1	2	2	19	18		14	42	4	10	7	4	14	1	8	
hsa-miR-548u		1													1		1		0.333333333333333	
hsa-miR-100-5p	2635.5	6402.5	4096	5173	2125.5	3237	2406.5	16194	4587	4454.5	5594.5	3982.5	2254.5	13125	5604.5	10077.5	13365.5	5830	5782.5	2122.5
hsa-miR-5697		1																		
hsa-miR-4682				2													1			
hsa-miR-6837-3p			2	3					1		1		1	1			2			
hsa-miR-6774-5p			1	1																
hsa-miR-4519		5	5	3		1	3	3	3	1	1	12	3	1	2		1		3	1
hsa-miR-548v				1					2								2			
hsa-miR-3661		3	2		2			1				1	3			1	2	1	2	
hsa-miR-4791	1	7	15	5	3		1	3	5	1	4	14	3	1	3	3	3		1	2
hsa-miR-4638-3p						1					1	1					2	1		1
hsa-miR-214-5p	8	76	64	40	20	18	10	96	45	10	61	40	28	137	33	38	79	20	26	11
hsa-miR-6808-3p																2				
hsa-miR-4666a-5p									1											
hsa-miR-6500-3p		3		2						1	1	1					2			
hsa-miR-1296-5p	17	61	26	63	30	39	31	82	41	18	39	30	36	76	45	46	80	90	75	10
hsa-miR-6743-3p		1					1						1			1		1		
hsa-miR-511-5p		7	9	4				4	4			9		2	3	2	5		2	
hsa-miR-6892-5p			3			1	1					1		1	1		1			
hsa-miR-301a-3p	29	388	439	233	48	55	45.5	392	246	13	314	313.5	108	420	169	115	261	49	112	38
hsa-miR-328-3p	59	101	82	112	31	140	75	158	61	75	77	67	54	209	100	252	274	270	156	74
hsa-miR-1291	4	28	16	22	13	6	10	28	18	12	19	27	17	9	7	6	7	6	21	13
hsa-miR-190b	1	16	18	16	1		1	13	3		8	20		20	2	2	12	5	4	2
hsa-miR-3912-3p	1	15	5	16			1	10	6		6	12	2	7	1	2	3	1	4	2
hsa-miR-885-3p				2					1											
hsa-miR-3199			1														3			
hsa-miR-495-5p								4						3			2	1		
hsa-miR-152-3p	107	870.5	458	1080.66666666667	211	195	129.5	841.666666666667	660.5	154	585.833333333333	567	244	1320	464	414	631.333333333333	155	419.666666666667	98
hsa-miR-141-5p	19	279	439	346	40	23	24	244	159	8	278	204	53	156	118	64	66	19	84	12
hsa-miR-643			1						1					1	1		3			
hsa-miR-4484	1	2	3	3	1	1	1	2	1	2	2	2		3		1	5		1	
hsa-miR-4676-3p		1										1			2		1			
hsa-miR-361-5p	151	545	493	484	229	299	209	1048	455	177	475	453	294	775	427	518	621	413	536	145
hsa-miR-1908-5p				2	1			1					1		1	1		2		
hsa-miR-2277-3p	1	2	4		1	6	3	6	3		1	1	2	1			3	5	2	2
hsa-miR-6751-3p				2																
hsa-miR-3162-5p													1							
hsa-miR-6757-3p							1												1	
hsa-miR-6871-5p																	1			
hsa-miR-551b-3p		13	1	7		1	2	12	3	1	5	4	6	4		1	6	6	4	
hsa-miR-656-3p	2	16	8	17	3	3	1	22	4	1	17	11	5	31	2	2	23	6	3	
hsa-miR-6821-3p	1					1					1			1			2			
hsa-miR-378i		3.33333333333333	5	0.5			0.5	2.5	1.33333333333333		4.83333333333333	1		2	1		6.5	2.83333333333333	1.5	
hsa-miR-23c	5.5	10.5	4	3	4.5	5.5	5	16.5	7	1.5	12.5	7.5	5.5	10.5	5.5	10.5	10	7.5	6.5	2.5
hsa-miR-4539				2																
hsa-miR-4717-3p							2													
hsa-miR-520c-3p				0.5								0.5								
hsa-miR-517c-3p				2								1								
hsa-miR-6854-5p			1														1			
hsa-miR-518a-5p				2																
hsa-miR-6849-3p				1	1										1					
hsa-miR-6514-5p		1	3					2			1	1								
hsa-miR-770-5p			2	1		1		2	1		4	1		3		1			1	
hsa-miR-3615	35	109	124	49	63	73	40	139	66	24	59	89	58	116	44	60	123	59	101	36
hsa-miR-509-3p	4		4	1				22	16		5	3		12	6	5	1	6	6	
hsa-miR-3621				1					1									1		
hsa-miR-4508	78	102.5	98	103.5	176.5	66	37	96.5	53	199	37	118	126.5	55.5	186	145	76.5	66	69.5	127
hsa-miR-6729-5p															1					
hsa-miR-4496			1									1	1							
hsa-miR-6839-3p														1						
hsa-miR-1323				10				3				1				1				1
hsa-miR-708-3p	15	171	328	49	34	20	24	174	102	5	104	156	29	132	53	34	138	17	51	15
hsa-miR-4521	2	13	18	6	2	1	3	18	10		7	6	4	2	5	1	7	1	9	
hsa-let-7i-5p	488.5	8277.5	17222.5	5638	1173	676	577	7870	7213.5	603.5	3931.5	14629.5	1808.5	6231	1820	1587	7106.5	858	2680.5	488
hsa-miR-548ae			0.5														1			
hsa-miR-33a-5p	22	153	199.5	61	18.5	12	16	120	76	12	108.5	111	22	34	47	27	27	7	33	12
hsa-miR-1287-5p	1	2	8	18		2	1	3	4			4	1	7	4	3	4	1	1	
hsa-miR-4650-5p	1	2	2						2			1	3		1					2
hsa-miR-154-5p	1	21	20	17	11	6	5	29	14	3	16	18	4	36	4	9	37	4	14	4
hsa-miR-449b-3p					1			1												
hsa-miR-6857-3p								3	2		1		1							
hsa-miR-1273g-3p	17	21	29	45	31	9	9	10	16	31	10	32	28	7	38	23	13	12	16	13
hsa-miR-1252-5p											1									
hsa-miR-500b-3p		1	2	1		2	3	1						0.5		1	2.5		1	
hsa-miR-4802-5p			1											1			1			
hsa-miR-216b-5p	2																			
hsa-miR-1226-3p		5	6	2	1	5	2	3	1	2	5	2	1	4	4	4	4	9	5	1
hsa-miR-127-3p	763	5698	3583	8351	2074	2422	993	8490	4674	2530	6200	3257	4004	12314	2457	2313	13889	2572	3703	757
hsa-miR-5004-3p											1									
hsa-miR-2681-5p			1	1		1		2								2		2		
hsa-miR-23b-3p	2390	9626.5	6796.5	3406	2891	5508.5	3597.5	15177.5	7310	1382.5	9710.5	3894.5	3389	13355	5868	6967	8693.5	5895.5	8110.5	3151.5
hsa-miR-654-3p	32	213	92	289	89	84	43	220	166	39	214	119	166	478	85	102	308	113	89	26
hsa-miR-3613-5p		5	44	2	1	5	3	17	6	1	3	19	1	8	2	9	7	1	5	
hsa-miR-5096	2	8	16	10	15	6	4	4	7	3	5	17	9	3	8	9	2	3	8	7
hsa-miR-429	46	557	1017	2499	59	106	109	283	235	12	785	479	118	520	168	111	286	36	490	76
hsa-miR-584-3p																1				1
hsa-miR-3614-5p		2	8	4				1				4		2		2	3		1	1
hsa-miR-508-3p	1	1	1					5	4			4		9	3		1	4	3	
hsa-miR-4762-5p			1					1						1					1	
hsa-miR-6837-5p														1						
hsa-miR-718										1										
hsa-miR-200b-5p	20	65	71	154	12	16	17	39	23		58	39	23	71	22	22	21	12	90	11
hsa-miR-3157-3p		1	1					2	1		3	3	1				2			
hsa-miR-6801-3p												1							1	
hsa-miR-548d-5p		1.75	12.75	4	0.5			4	2.5		3	6.25	0.5	4.5	1		8		2	
hsa-miR-98-3p		9	7	2	1	1	1	7	4		2	14	2	12		4	4	3	3	
hsa-miR-324-5p	7	51	46	41	13	46	20	65	35	8	43	37	19	89	31	40	60	29	57	17
hsa-miR-6795-3p	2	1	3		1	4	1		1		1			1		2		1	1	
hsa-miR-26a-1-3p	1	4	5	5	1			7	2		8	2	2	3	2	1	5	1	2	
hsa-miR-1294		2	1											2						
hsa-miR-6501-5p			2	1	1	1		1			1	2		1			1			
hsa-miR-5696	1		1		1			1				2	1			1	1		1	
hsa-miR-4433-5p		8			2	1	1	1		1	1	2	1	2	3				2	1
hsa-miR-3157-5p			1					2				1								
hsa-miR-548aa				0.5		0.5		0.5				1		0.5	1					
hsa-miR-122-3p								4												
hsa-miR-154-3p		2	4	6	2	4		6	1		2	2		13	1	3	15	2		
hsa-miR-1270			1				1	1			1	2	2	3	1	3	1			
hsa-miR-769-3p	3	5	8	11		3	4	10	1		6	5	2	8	1	3	11	1	12	2
hsa-miR-3168	36	36	33	42	22	36	18	35	28	42	30	17	38	35	30	38	35	43	34	14
hsa-miR-143-3p	9261	137283	84459	186638	20551	11822	10626	86314	37168	10055	85664	144605	22024	163648	40500	40927	138445	22927	64089	8447
hsa-miR-4323	1	1						2			1		2	1		2	1			
hsa-miR-4750-3p									1											
hsa-miR-4665-5p											1						1	2	1	
hsa-miR-4677-5p													1							
hsa-miR-10b-5p	51635	118914	63061.5	47843.5	32652	55353.5	40680	191144.5	100332	43371	118960.5	94737.5	60794	229373	92272	119866	211271.5	110090.5	127190.5	25987
hsa-miR-148b-5p	6	57	71	66	9	6	10	46	41	1	38	43	18	46	12	12	44	12	20	7
hsa-miR-7705		8	13	4				8	4		1	5	1	1			3			
hsa-miR-3129-5p											1					1	1			
hsa-miR-6755-5p												1	1							
hsa-miR-6847-3p						1					1									
hsa-miR-512-3p			1	11				2			1	10	2				2			
hsa-miR-153-3p	3	35	4	55			2	34	16	2	10	15	3	9	2	7	17	5	7	5
hsa-miR-4454	3710	12366.5	5572	9401	6477	3140	3354	8315	5114.5	2674.5	9795.5	7733	6349.5	10571.5	12767	5842	10484.5	2793	5644.5	4834
hsa-miR-8064											1									
hsa-miR-1343-5p													1				1			
hsa-miR-7110-3p								1								1				
hsa-miR-423-3p	757	1349	1732	1997	463	1181	800	1960	920	479	1242	1242	1096	2261	1009	1577	1773	1516	1648	577
hsa-miR-331-5p	1	25	22	11	8	11	4	19	10	3	20	13	12	28	7	8	17	11	14	3
hsa-miR-190a-3p		1	1	3	1			1	2		1			1			1	4	2	
hsa-miR-3960	26	21	31	26	29	31	14	22	24	53	20	35	36	20	36	36	30	30	23	31
hsa-miR-4303																		1		
hsa-miR-610	1							1												
hsa-miR-31-5p	11	14972	9042	211	2250	751	130	4950	5659	43	1420	7240	1069	4855	2324	654	4095	29	3251	687
hsa-miR-935	2	2				4		4	2		2	2	2	6	5	3	3	7	6	1
hsa-miR-518f-3p												1					2			
hsa-miR-541-3p								1				1						1		
hsa-miR-6774-3p								1	1				1	1		1	1			
hsa-miR-762																	1			
hsa-miR-150-3p	4	3	11	4	7	3	3	26	28	3	4	20	14	5	1	17	25	10	9	1
hsa-miR-548aq-5p		1		1																
hsa-miR-3130-5p	1		5		4	1		4	2		3	7	4		1	4	3	2	3	
hsa-miR-6825-3p								1												
hsa-miR-126-5p	1165	15044	15435	7076	1429	1721	1208	12851	8081	1398	11100	22348	3634	19903	5378	4377	13074	2363	5607	898
hsa-miR-6770-3p		1	1	2				4	1				1					1		
hsa-miR-6883-3p						1					1				1	1		2		
hsa-miR-497-3p	3	4	5	6		1	1	6	15	6	7	7	2	10	2	2	9	1	2	
hsa-miR-488-5p														1						
hsa-miR-1258			1					1									1			
hsa-miR-4315									1						1					
hsa-miR-6818-5p				1					1											
hsa-miR-4662b											1									
hsa-miR-676-3p		2	1					2	2		2		1	3		4	5	1	2	
hsa-miR-6881-3p															1					
hsa-miR-6508-3p															1	1				
hsa-miR-6775-3p		1	2			1	1		1			1	1	2	1		1			
hsa-miR-3181			1	1						1		2								
hsa-miR-6721-5p																		1		
hsa-miR-6864-5p																			1	
hsa-miR-3927-3p		1						3	2					1					1	
hsa-miR-6782-3p													1						1	
hsa-miR-5193			1		1			1				2				2		1		
hsa-miR-7106-5p	1																			
hsa-miR-6781-3p			1																	
hsa-miR-376b-3p	1	10	16	12	1	3		11	6		7	8	1	25		7	26	5	6	
hsa-miR-139-3p	1	8	2	5	1	12	2	6	5	4	6	1	6	9	11	13	6	7	9	2
hsa-miR-566									1	1					1					
hsa-miR-371a-5p				2		1														
hsa-miR-491-3p	1		4					1	1		2					2		1		
hsa-miR-4778-3p				1																
hsa-miR-4659a-5p				1																
hsa-miR-651-5p	2	9	26	3		1		8	2		8	10	1	8		1	5	2	3	
hsa-miR-548e-5p	1	6	17.3333333333333	11	4		1	8	5	1	4	14	3.33333333333333	5	4	3	4		2	
hsa-miR-4642			1																	
hsa-miR-422a	1	2	3.5	4	0.5	1.5	1.5	6.5	3.5	0.5	5	2	1	6.83333333333333	4.5	1	13.5	5.5	2.5	
hsa-miR-4261																1				
hsa-miR-376c-3p	19	236	113	280	61	65	27	215.5	133	15	204	86	47	434	58	47	428	82.5	88	12
hsa-miR-4724-3p				1																
hsa-miR-6826-3p				1								1								
hsa-miR-7160-3p							1													
hsa-miR-6744-5p				15															7	
hsa-miR-4524a-3p						1										1	1			
hsa-miR-6867-3p									1							1			1	
hsa-miR-30b-5p	518	2794	2501	3759	589	1005	610	3262	1682	205	2253	2387	674	4501	1314	1830	3768	1268	2088	498
hsa-miR-873-3p	1								1	2		1	1	1			1			
hsa-miR-5687					1															
hsa-miR-9-3p		3	2	16			1	1	2		2	3	1	5		1	2			
hsa-miR-4758-3p	2				1	2										1	1	1		
hsa-miR-362-3p	1	33	63	59	9	2	3	22	26	7	25	51	11	28	20	23	44	5	21	3
hsa-miR-2681-3p							1													
hsa-miR-6858-3p						1				2					1					
hsa-miR-3911												1			1					
hsa-miR-6073									1											
hsa-miR-1257		1									1									
hsa-miR-3684			1								2	1	1			1				
hsa-miR-6512-3p		1												2					1	
hsa-miR-4429	2	3.33333333333333	2.33333333333333	4	2	6	1	2.33333333333333	2	1	5.66666666666667		2	4	2.33333333333333	2	7.33333333333333	8.33333333333333	4.2	4.33333333333333
hsa-miR-4711-5p											1									
hsa-miR-6085													1							
hsa-miR-4667-5p		1																		
hsa-miR-4459															1					
hsa-miR-146b-5p	245.5	2009.5	10433.5	8338.5	721	276	113	4164	8132.5	236.5	516.5	9457.5	1658.5	2155	547.5	668.5	5805.5	191.5	837	127
hsa-miR-6730-5p														1					2	
hsa-miR-378a-3p	2846.16666666667	12107.4166666667	8138.41666666667	6210.33333333333	1527	3957.83333333333	2930.33333333333	13036	7209.91666666667	416.5	12639.1666666667	9801.75	2680.5	20105.5833333333	8353.5	3028.08333333333	36160.5833333333	12623.4166666667	5634.5	745
hsa-miR-4798-3p																	1			
hsa-miR-133b	139	563	66	41.5	16.5	654	168.5	431.5			777.5	755		2022	416.5	15.5	2274	1939.5	334.5	39
hsa-miR-208a-5p	1											1		7	2			2		
hsa-miR-548ah-3p		0.333333333333333							0.666666666666667		1.33333333333333			0.5					1	
hsa-miR-410-5p					2															
hsa-miR-4728-3p	2	3	3	5	2	9	5	4	2	2	4	3	2	5	8	10	4	6	2	2
hsa-miR-572		2		1				1								1				
hsa-miR-4524b-5p											1								1	
hsa-miR-548q			1	1				1	1	3			1	1	2	2	3	2		
hsa-miR-15b-5p	28	301	679.5	291	91	55	69	319.5	326	23	300	375	97	304	151	135	201	69	124	44
hsa-miR-4664-3p		6	4					2		1		2	2	2		1	1		1	1
hsa-miR-6726-5p		1	1																	
hsa-miR-4478											1									
hsa-miR-6797-3p	1				1		1					1		1						1
hsa-miR-3648		3	5	1	2	2			1	7	5	4	7	1	2	3	2	1	1	9
hsa-miR-330-5p	2	40	80	14	5	5	6	36	14	3	16	42	10	23	13	16	33	6	21	5
hsa-miR-139-5p	77	260	136	93	57	180	73	288	130	38	245	169	81	636	173	223	340	315	245	52
hsa-miR-6761-5p								1				1			1		1			
hsa-miR-941	227	224	186	513	186	108	180	336	286	130	224	285	261	377	328	233	464	295	288	67
hsa-miR-301a-5p			2						1			2					3			
hsa-miR-181b-3p		2	2	2				4	2		1	7		4			1			
hsa-miR-937-5p					1				1	1				2	1			1		
hsa-miR-181d-3p												1								
hsa-miR-128-3p	50	317	395	141	70	150	66	411	139	16	366	579	85	777	184	167	896	410	217	28
hsa-miR-6829-5p											1									
hsa-miR-548ap-3p												1	1							
hsa-miR-6855-3p			1				3					1				1			1	
hsa-miR-340-3p	2	8	27	19		2	2	11	9		15	8	6	7	2	2	15	2	9	
hsa-miR-3160-3p												1								
hsa-miR-3158-5p		1	1					1							1					
hsa-miR-4446-5p								1												
hsa-miR-4742-5p								1												1
hsa-miR-451a	407	1581	18286	9265	613	5325	1150	1566	7261	460	6115	10862	677	10821	1243	2970	25473	1937	3976	94
hsa-miR-126-3p	852	6067	5064	3789	1199	1373	842	6353	3697	760	4861	7556	2260	11100	3100	2916	9075	2157	3871	628
hsa-miR-4632-3p			1		2	3				6		1	2		4	3	1	1	1	2
hsa-miR-1237-3p		3	1		1				2		1		1	3	1	2			1	2
hsa-miR-548ag			0.5	1									0.5				1		0.5	
hsa-miR-3194-3p			1	1				1		2										
hsa-miR-4517	3	1	2		1		1	8			2		2	2	4	4	3		4	
hsa-miR-155-3p				1				1				1								
hsa-miR-3128				1							2						1			
hsa-miR-526a				0.25																
hsa-miR-4709-5p				2		1		3			2		1				1		1	1
hsa-miR-1268a	7.5	9.5	12.5	2.5	5	5	7	13.5	9.5	1	6.5	4.5	4	5.5	9.5	4.5	5.5	3	11	2
hsa-miR-2277-5p	2	6	13	4		4	5	9	2	2	9	1	2	9	5		11	6		2
hsa-miR-7152-3p				1																1
hsa-miR-6828-3p						1		1				1								
hsa-miR-3125								1	1									1	1	
hsa-miR-4444								1												
hsa-miR-4498																			1	
hsa-miR-103a-3p	1090.5	6131	7367.5	6367	1750.5	2310	1716.5	8820.5	4937	649	5325.5	5653.5	2721.5	7587.5	4007.5	3988	7019.5	2061.5	4599	1399
hsa-miR-6757-5p											1				1					
hsa-miR-501-5p	3	4	28	11	2	5	6	24	8		10	12	5	11	5	14	26	7	11	
hsa-let-7i-3p	17	183	273	144	53	17	22	183	117	15	80	231	49	176	45	48	226	54	81	19
hsa-miR-5702		1						1				1					1			
hsa-miR-383-3p						1						1								
hsa-miR-342-5p	3	6	29	17	5	4	4	31	32	1	9	27	13	9	9	22	26	7	15	3
hsa-miR-199b-5p	438.5	3711.5	2356.5	2909	709.5	774.5	689	5265.5	3202.5	660.5	3930.5	2618	1328	6788.5	2400	2435.5	4412.5	1357.5	2206.5	501.5
hsa-miR-518e-3p			1	1		1						2					1			
hsa-miR-6821-5p												1								
hsa-miR-6879-3p			1	1	1	1		3	1			1			1		1	2		
hsa-miR-1229-3p	1					2	1	2					1	3		3		2	1	1
hsa-miR-1284			2								1			1						
hsa-miR-642a-3p			3	1	1	1			1		1	1		3			0.5		2	1
hsa-miR-1229-5p												1								
hsa-miR-527				2																
hsa-miR-450a-1-3p									1											
hsa-miR-4499			1																	
hsa-miR-556-5p				1																
hsa-miR-4705			2					3			1				1					
hsa-miR-585-3p	1	8	6	44	1	2	1	15	2	2	12	5		20	3	3	20		10	2
hsa-miR-519a-5p				1.33333333333333	0.166666666666667															
hsa-miR-5094			1								1	1		1						
hsa-miR-3653	4	13	8	27	5	4	7	11	4	3	8	17	8	4	7	12	7	4	3	3
hsa-miR-145-3p	13	163	141	202	19	15	15	161	70	27	105	202	32	185	62	77	161	50	98	10
hsa-miR-2116-5p			2	1				1			2	2								
hsa-miR-4741			1		1														1	
hsa-miR-329-3p		13	8	4	3	4	4	17	2		8	3	6	25	3	1	19	12	7	4
hsa-miR-1915-5p																	1			
hsa-miR-224-5p	42	359	443	15	88	99	90	433	261	22	384	314	101	318	271	134	178	63	152	133
hsa-miR-548t-5p												1.75								
hsa-miR-6789-5p			1																	
hsa-miR-29c-3p	307.5	1540	2226.5	4855	306.5	361	224.5	1887.5	1328.5	325.5	1578.5	3408.5	288	2271.5	729	1126	1942	490.5	1119.5	272
hsa-miR-6840-3p				1		1								2						
hsa-let-7f-5p	991.166666666667	14529.6666666667	20904.1666666667	12529.8333333333	1139.66666666667	1331.33333333333	996.5	10931	8710.16666666666	645.833333333333	8584.99999999999	15722.3333333334	2212.5	7698.49999999999	3731.5	3008.66666666667	7758	1491	3755.5	951.833333333333
hsa-miR-483-5p	3	1		1	2	9	3	1		5	2	1	2	10	1	6	10	22	3	1
hsa-miR-6842-5p			1									1								
hsa-miR-4745-5p						1		2						1						
hsa-miR-548ax												1								
hsa-miR-6511b-5p				0.5		0.5	0.5					0.5		1.5	0.5	1	1.5	0.5		
hsa-miR-3675-3p											1									
hsa-miR-7111-5p																			1	
hsa-miR-144-3p	10	85	1174	364	20	91	21	50	259	31	247	963	19	200	28	80	393	27	75	4
hsa-let-7d-5p	68	739.5	931.5	642	131.5	148	123	749.5	442	36	465.5	675.5	155.5	804	218	243.5	609	206.5	334.5	69.5
hsa-miR-520h		0.5		1																
hsa-miR-4713-5p		1			1			5	2		2		3	1	1	2	3			
hsa-miR-499a-5p	5	59	11	2		11	2	37	2		65	114		141	13		55	15	4	
hsa-miR-4532	711	910	1022	1120	872	1629	459	1946	724	2482	859	1322	733	927	637	1991	2227	1281	794	737
hsa-miR-3607-5p		3	4	4	1	1		3	8	1	5	6	4	1			1	1	1	
hsa-miR-30e-5p	1434.5	13298	19994	17048.5	2087.5	1790	1791.5	16420	12569.5	920.5	13452.5	14164.5	3615.5	14118	6293.5	4135.5	14136.5	2676.5	5822.5	1224.5
hsa-miR-374a-3p	8	194	449	96	18	29	11	137	117	4	114	279	23	114	44	35	77	23	41	9
hsa-miR-1271-5p	4	8	5	4	1	2	3	4	6	3	8	7	2	10	5	7	11	7	4	2
hsa-miR-141-3p	740	10748.5	17585	33084	1101.5	1406	929	8051	4507	333	7345	10845.5	1029.5	5378.5	3250.5	1797	3242.5	490	4339	1495
hsa-miR-186-5p	842	3771	8256	5225	1016	1592	1000	7068	3509	955	3275	4967	1798	5933	1693	3178	4850	1891	3677	754
hsa-miR-339-5p	53	172	178	181	64	94	57	297	98	58	148	130	148	244	114	162	244	104	205	45
hsa-miR-18a-3p	7	11	36	4	7	18	9	14	14	1	8	9	9.5	20	13	19	25	9	8	7
hsa-miR-378b	1	8.25	3.25	2	0.5	0.5	1	3	2.25		8	4.75		9.75	3.5	2.75	14.25	1.75	1	
hsa-miR-486-5p	5268	5279	6924	10984	2589	35018	7679	6758	8239	4289	11393	15905	2051	23218	8727	14012	46420	43250	13952	1064
hsa-miR-7515																		1		
hsa-miR-548j-5p				1		1		3.5	1			1.5		1	2	3	3.5			
hsa-miR-548ay-5p		1.5	34.25	4.5	1.5	1	1	3.5	8.5		3.5	13.75	1	5.5	3	1	4.5		1.5	2
hsa-miR-3936						1														
hsa-miR-1273h-5p		1		5	1	1	1		1			1	1			2		1	1	1
hsa-miR-218-5p	11	113	128	120	5	12	4	76	22	8	63	89	13	72	30	34	35	9	41	3
hsa-miR-5704																1				
hsa-miR-6820-3p		2						1			1	1					1	1	2	
hsa-miR-663b	1	1	1	2	1	1	2	2	2	1	1	3	2	2	3	1		1	1	
hsa-miR-369-5p	1	20	13	23	8	6	6	36	21	5	18	15	15	40	12	7	33	7	15	1
hsa-miR-4450								1							1					
hsa-miR-135a-5p		8.5	17	6	2			2	1		5	4.5		4.5	1	1	6	2	2	1
hsa-miR-6723-5p			2	1	1			1	1	1	1	2			1				1	
hsa-miR-1587		1		1									1				0.5			
hsa-miR-376c-5p		1						0.5	0.5			0.5		1.5			0.5			
hsa-miR-93-5p	223	2012	2612	1241	378	352	313	1888	1328	86	1450	1568	760	1712	1110	718	1494	299	950	239
hsa-miR-6816-5p				1																
hsa-miR-548k	1	13	82.5	27.5	13		6	32	17	1	30.5	32	2	24	9	5	22.5	9	8	1
hsa-miR-6736-5p			1																	
hsa-miR-4725-5p										1	1				3	1			1	1
hsa-miR-6862-5p																	1			1
hsa-miR-4482-5p				1																
hsa-miR-518f-5p				0.25													1			
hsa-miR-6866-3p																	2			
hsa-miR-654-5p	4	7	4	10	5	5	4	14	7	3	10	5	10	19	3	3	11	7	6	2
hsa-miR-99a-3p	6	102	71	70	10	25	27	117	36	6	78	40	27	104	25	42	67	30	44	17
hsa-miR-6511b-3p	6	4	8	4	1	21	10	15	2	4	5	6	5	9	11	21	10	29	5	7
hsa-miR-130b-5p	7	22	35	23	5	14	6	28	13	2	18	18	17	23	17	11	28	8	16	1
hsa-miR-487a-5p				2	2	2		4	1	1	2	2		4		1	2		5	
hsa-miR-6799-3p											1			1				1		
hsa-miR-3064-3p						1		3			1									
hsa-miR-6726-3p		1		4		5	2	3	2			1		2		4		2	1	2
hsa-miR-887-5p	3	1	1	2	1	2	1	7	1	2				4	1	4	4	5	2	
hsa-miR-939-5p			1	2		2	1	2					1		1	1			1	
hsa-miR-4772-3p			2					2	1					1						
hsa-miR-485-5p	4	13	2	13	8	9		7	3	4	5	6	1	17	2	7	18	12	6	3
hsa-miR-4251		1		1						1		1								
hsa-miR-3193																	1			
hsa-miR-1250-3p											1									
hsa-miR-4783-3p																		1		
hsa-miR-4506						1									1					
hsa-miR-6880-3p		1							1			2				3	1	1		1
hsa-miR-6761-3p			2										1			1				
hsa-miR-144-5p	5	38	454	186	6	61	14	18	146	7	139	342	9	156	25	43	282	15	35	1
hsa-miR-6734-3p												1				1				
hsa-miR-379-3p		4	2	2		1	1	3	4	2	4	2	2	7	1	1	3	3	1	1
hsa-miR-122-5p								17				1		1		3				
hsa-miR-1304-3p	9	54	63	17	19	9	16	49	40	1	32	29	16	42	17	14	26	17	27	4
hsa-miR-4530	1	3	2		4	1	1		1	3	2		3		3	2	3	1	1	4
hsa-miR-4707-5p														1		1				
hsa-miR-548f-5p			0.833333333333333									2.36666666666667		0.333333333333333					0.2	
hsa-miR-206	7	20	3	1	1	8	7	8			23	37		57	18		72	30	7	
hsa-miR-136-5p	13	164	187	209	8	17	11	115	86	19	132	169	23	200	55	33	201	17	43	5
hsa-miR-6810-3p		1		1											1		1	2		1
hsa-miR-24-1-5p	2	38	32	8	6	4	2	31	17	1	28	18	4	42	13	6	12	10	13	3
hsa-miR-8072																1		1		
hsa-miR-5010-5p		1				1		1				1					1			
hsa-miR-6125														1						
hsa-miR-4424				1								2		1	1	1	1		1	
hsa-miR-7703	1		3	1							2	2	1							
hsa-miR-652-5p	3	8	10	4	1	3		19	5		5	5		6	5	4	2	4	2	
hsa-miR-1972		12	3	1	3			1			1	3			2				1	
hsa-miR-340-5p	43	440	913	1335	54	92	48	380	459	29	258	860	135	454	71	141	419	106	251	45
hsa-miR-3120-5p												1								
hsa-miR-3691-3p	1																1			
hsa-miR-3183																	1			
hsa-miR-485-3p	4	10	8	12	4	15	5	21	6	8	7	5	13	22	10	11	17	18	14	2
hsa-miR-3942-3p		2							2		2									
hsa-miR-25-3p	412	4131.5	6345.5	3116	909	619	570	4916	2901.5	275	2433.5	4461	1555	3747.5	1964	1776	3687	669	1903	385
hsa-miR-1244														1						
hsa-miR-556-3p		1		1																
hsa-miR-6728-5p						1														
hsa-miR-548o-5p	0.25	2.16666666666667	3.5	0.833333333333333	0.25	0.75		2.16666666666667	1.41666666666667			2.08333333333333	0.25	1.91666666666667	0.666666666666667	1	2	0.333333333333333	0.583333333333333	
hsa-miR-3688-3p			3						1			6		2			3			
hsa-miR-4327													1				1		1	
hsa-miR-4437							1													
hsa-miR-548aq-3p		1	5	2				1.5	0.25			1							2.33333333333333	
hsa-miR-6851-5p															1					
hsa-miR-3922-3p			1																	
hsa-miR-455-3p	21	174	127	35	59	45	33	193	252	53	112	125	194	142	81	65	119	92	165	48
hsa-miR-423-5p	277	468	720	706	300	628	291	858	312	198	384	504	293	649	301	694	829	716	586	212
hsa-miR-425-5p	114	318	597	334	158	296	182	498	317	48	259	333	275	570	231	400	627	210	360	132
hsa-miR-181c-5p	142	1394	2163	1793	403	279	221	1918	1328	147	720	1196	308	1392	626	725	1378	399	998	165
hsa-miR-6717-5p				2			1					1					1	1		
hsa-miR-3668		1																		
hsa-miR-499b-5p									1											
hsa-miR-338-3p	55	506	435	231	13	24	22	303	107	68	207	340	24	218	134	222	207	81	158	11
hsa-miR-4434			1																	
hsa-miR-200a-3p	87	799.5	1223	3217	76.5	94	112	429	344	15	835	798.5	176.5	608.5	219.5	102	271.5	44	496	76
hsa-miR-153-5p				1								1								
hsa-miR-4703-3p									1											
hsa-miR-211-5p	95.5	3		28		3.5	141	202.5	46.5	1.5	81.5	22	12	368.5	92	4	28	316.5	74.5	14
hsa-miR-509-5p						2		1						1					1	
hsa-miR-944	16	319	383	13	77	18	25	213	209	6	154	271	61	170	111	51	127	16	74	27
hsa-miR-219a-5p		21	24	9	3		7	21	19	6	17	5	8	8	13	3	14	1	7	3
hsa-miR-29b-1-5p		1	4	3.5				2.5			1	1							1	1
hsa-miR-548e-3p		4	18	9	3		1	9	8		8	8	3	11	5	2	10	1	1	
hsa-miR-4436b-5p																	1			
hsa-miR-548ac									0.25											
hsa-miR-219a-1-3p		1		2		1	2	4	3	1	10	2	3	2	3		3	1	1	2
hsa-miR-1343-3p	2	1	1	1	2	1	1	1	2	1		2		3	10	3	1	1	2	1
hsa-miR-4523				1													1			
hsa-miR-3679-3p	1		1												1					
hsa-miR-3659	1	3	2					3	4				2		3	2	1	1		1
hsa-miR-140-3p	717	2061	1969	2796	1073	1463	855	3865	2199	1323	1749	2050	1302	4281	1247	2680	4009	2457	2267	577
hsa-miR-3166	1	2	2					2					1	1	3		1		1	1
hsa-miR-6134			1		1			3	1	1			1	1				2		
hsa-miR-625-5p	3	18	18	16	12	11		26	15	3	7	15	8	24	4	17	31	14	14	2
hsa-miR-1287-3p								1												
hsa-miR-203b-5p								2		1	1									
hsa-miR-369-3p		32	45	18	1	3	1	8	16	1	16	21	3	20		2	18	2	7	1
hsa-miR-410-3p	9	199	88	258	33	57	34	159	54	9	154	91	66	309	50	24	351	45	77	13
hsa-miR-132-3p	13	96	163	103	41	37	20	79	62	15	53	154	46	118	42	49	110	26	95	35
hsa-miR-4317		1	1																	
hsa-miR-3164											1									
hsa-miR-365b-3p	84.5	154.5	171.5	136	122	300	99.5	319.5	90	50.5	125	117	84	204	143.5	283.5	296.5	311.5	242	132.5
hsa-miR-216a-5p		3	2	2				2			4	5		3			1		2	
hsa-miR-514a-5p								2												
hsa-miR-1537-5p			1									1					1			
hsa-miR-6882-5p	1	1				1		2	3			1			1					1
hsa-miR-3190-5p									1									1		
hsa-miR-4467												2							1	
hsa-miR-6734-5p			1	1		1						1								1
hsa-miR-1908-3p		1	1	1		1		1			1					3	4		2	
hsa-miR-155-5p	118	969	2842	1239	454	161	72	2562	1374	107	216	3062	934	685	159	546	2174	176	435	89
hsa-miR-548x-3p													1							
hsa-miR-4694-3p		1																		
hsa-miR-3144-5p					1															
hsa-miR-548h-5p		1	28.1666666666667			2	1	6.5	1.16666666666667			6.11666666666667	0.333333333333333	4.33333333333333	1		1.25	1	1.2	
hsa-let-7d-3p	93	149	200	200	60	182	105	314	114	61	148	145	87	272	94	219	258	258	182	64
hsa-miR-130a-3p	168	1193.5	1707.5	1169	397	388.5	310	2510.5	986	323	1070	1199.5	529	1884	614	910.5	1538.5	640	946.5	236
hsa-miR-3652		1					1													
hsa-miR-7854-3p					1			1			1						2			
hsa-miR-1275	115	211	293	222	96	106	97	230	143	36	79	183	139	174	201	167	448	135	161	72
hsa-miR-500a-3p	59.5	187.5	300.5	338.5	75	101	85.5	351.5	241.5	41.5	220	181	129	272.333333333333	164	232.5	293.5	188	198.5	63.5
hsa-miR-142-3p	23	417	3348	558	68	42	19	797	1090	44	86	1876	203	140	42	197	615	19	75	7
hsa-miR-552-3p			1							1										1
hsa-miR-219a-2-3p		1																		
hsa-miR-22-3p	3421	43430	52982	47931	8173	7000	4402	37301	23191	3281	37787	47504	10524	54868	17117	12793	58619	12165	17449	4218
hsa-miR-570-5p			1.5	1.5		0.5							1							
hsa-miR-411-5p	45	512	226	645	95	116	65	507	212	52	810	206	171	485	163	109	985	137	112	33
hsa-miR-4485	18	16	32	26	38	28	18	28	25	26	229	15	35	46	119	35	16	34	25	24
hsa-miR-1537-3p			8					2	2		1		2	1			1			
hsa-miR-6884-3p								1						1						
hsa-miR-5187-5p						1														
hsa-miR-4646-3p						1	1		1						1		1	2		
hsa-miR-1247-3p	3	4		1	1	4	5	11	11	12	5	1	17	15	4	9	17	1	1	1
hsa-miR-5700			2								2	3		1			2			
hsa-miR-5090						1							1							
hsa-miR-6809-3p						1								1		2				
hsa-miR-365a-3p	84.5	154.5	171.5	136	122	300	99.5	319.5	90	50.5	125	116	84	204	143.5	283.5	296.5	311.5	242	132.5
hsa-miR-27a-3p	2017.5	19646.5	37753.5	6590.5	3086	4153	2827	21286	8233	1067.5	13683	16771	2616	17363.5	7005	6682.5	11282	3639	8716.5	3437
hsa-miR-3179				1																
hsa-miR-6792-5p													1							
hsa-miR-744-3p	2	8	14	4	2	1	2	12	2		10	1	5	7	6	10	3	4	9	1
hsa-miR-671-5p	6	6	30	16	7	11	6	18	6	6	6	18	10	18	15	13	24	12	5	3
hsa-miR-1285-5p		3	3	2	4	1	5	2	3	2	2	4		8	7	5	3	3	3	
hsa-miR-539-5p		2	2	2							1		1	3		2	1		3	
hsa-miR-3124-3p																	1			
hsa-miR-33b-5p	5	31	100.5	25	1.5	2	2	11	8	1	34.5	48	2	19	9	5	4	1	5	3
hsa-miR-7108-3p								1				1				4			1	
hsa-miR-4275													1							
hsa-miR-3916								1					1							
hsa-miR-502-3p	12.5	45.5	69.5	46.5	26	21	12.5	70	34	6.5	35	41	26	65.3333333333333	32	51.5	65.5	40	53.5	10.5
hsa-miR-6744-3p				3															1	
hsa-miR-3937															3					
hsa-miR-6756-3p	2	2	1	2	1	2	1	1	1	2			1	1	3	3	1		2	1
hsa-miR-3064-5p		1		1	2							1					1			
hsa-miR-5586-3p			1									1								
hsa-miR-509-3-5p									2					2					1	
hsa-miR-490-5p						1														
hsa-miR-34c-5p	13	248	251	119	52	59	23	151	117	6	76	144	46	394.5	34	57	130	29	83	47
hsa-miR-522-3p				5	2															
hsa-miR-4306							3						1			1				
hsa-miR-4515			1									1								
hsa-miR-889-5p					1				1					1						
hsa-miR-3918													1							
hsa-miR-373-3p		1	1	1								1		1			1			
hsa-miR-1254			4	1			1	2			1	1	1		1					2
hsa-miR-4755-5p				1													1			
hsa-miR-4802-3p		1	2	2				2						1		1	1			
hsa-miR-365b-5p	2	3	3	6	1		1	4			2	1	3	4	5	3	2	4	5	2
hsa-miR-3619-3p													1				1			
hsa-miR-500b-5p	0.5	2.5	3.33333333333333	1.5	0.5	1.5	0.5	5	1		2.5	2.5	0.5	5.5		2.5	5	2.5	2.5	2
hsa-miR-548aj-3p								1												
hsa-miR-192-3p			2									1	1	2			2			
hsa-miR-185-5p	10	32	76	44	9	10	5	52	41	3	28	63	9	34	8	21	55	7	26	4
hsa-miR-3127-5p	1			1	1		3	1	1			1		1	1		1			
hsa-miR-6503-3p	3	8	19	13	3			13	5		2	6	7	5	3	2	13	1	3	
hsa-miR-1233-5p											2									
hsa-miR-3180-5p		1				1			2		1									
hsa-miR-873-5p		2	4	1		1			19	2	5	3	12			1	4			
hsa-miR-517a-3p			0.5	11	1.5			0.5				1.5					0.5		1	
hsa-miR-5698	1																			
hsa-miR-4477b			2								2	1								
hsa-miR-2114-5p		1				1	1		3					1	2	3	1	2		2
hsa-miR-548ah-5p				2									1							
hsa-miR-888-5p																	1			
hsa-miR-7-2-3p			2	2		1											1			
hsa-miR-222-5p	2	23	4	4	5		2	8	7		6	3	6	4	3	4	7		2	
hsa-miR-542-3p		34	15	26	11		1	22	30	1	13	51	5	19	6	5	25		2	3
hsa-miR-3123	13	40	33	26	7	17	14	18	16	4	16	38	14	30	20	15	14	49	25	18
hsa-miR-4768-5p			2				3	1			1	1					1			
hsa-miR-6807-3p			1									1								
hsa-miR-589-5p	8	28	48	61	13	6	7	50	51	4	26	47	26	51	23	26	59	10	18	9
hsa-miR-16-1-3p		3	3	3	1	1		2	2				2	1			4			
hsa-miR-624-3p		2	1	1			2	1	1		2	1		3		1				
hsa-miR-181c-3p	21	74	113	144.5	41.5	20	16	141	61	23	63	87	35	99	43	66	121	37	114	16
hsa-miR-517b-3p			0.5	11	1.5			0.5				1.5					0.5		1	
hsa-miR-548o-3p		8	10	6	2		1	15	11.6666666666667		13	7	3	8.5	7.5	4	10	1	2	
hsa-miR-4777-3p			1	1		1		1												
hsa-miR-181a-2-3p	44	348	135	290	69	104	64	421	203	97	242	219	207	345	180	227	502	180	225	82
hsa-miR-6814-5p								1												
hsa-miR-4732-3p			6	1		4					1	1		1						
hsa-miR-335-3p	9	38	88	156	11	20	9	63	28	6	85	79	12	78	27	36	93	17	45	5
hsa-miR-6890-5p	1												1							
hsa-miR-4284		8	12	2	8	6	3	5		4	10	4	1	3	18	5	2	6	7	2
hsa-miR-7702			2																	
hsa-miR-27a-5p	9	124	287	37	26	21	8	144	109	8	107	85	36	84	29	27	103	15	69	9
hsa-miR-942-3p		2	1								1								1	
hsa-miR-376a-2-5p	1	1		2				1				1		1			3		1	
hsa-miR-1245a		1		1										2						1
hsa-miR-3667-5p		1																		
hsa-miR-6884-5p					1	1								1					1	
hsa-miR-517-5p			1	1	1															
hsa-miR-450a-5p	1	28	14	20	3		1	26	18	2	6	37	6	14	4	7	11		1	
hsa-miR-4635											1									
hsa-miR-4531					2			2	1		1	1	1	2	2	2		1	2	1
hsa-miR-1290	50.5	37	72.5	61.5	40	40	29.5	47.5	58.5	4	39.5	35	69.5	48	33.5	39	55.5	71	34	22
hsa-miR-6892-3p							1	1		1										
hsa-miR-3163		1	2								1			2					1	
hsa-miR-18b-5p			8	3					3			2					1			
hsa-miR-663a	1	5	3	1	2		3	1	3		2	2	2	1	5	1	1	2	2	1
hsa-miR-18a-5p	13	111	355	54	16	21	16	111	81	3	71	148	26	83	48	34	85	9	56	13
hsa-miR-9-5p	6	15	28	43	2	6	6	21	18	3	6	56	12	15	6	10	14	1	12	4
hsa-miR-4778-5p								1												
hsa-miR-3943					1			2							1			1		1
hsa-miR-548f-3p		6	10	2		2		1	4		2	5		2			6			
hsa-miR-378c				2					1		1			2	1	1				
hsa-miR-216a-3p											1	1					1			
hsa-miR-7-1-3p	2	32	63	53	8	4	3	47	51	2	21	40	18	32	15	11	28	6	14	2
hsa-miR-378j	0.333333333333333	5.5	3.33333333333333	2.83333333333333	0.5			8.5	2		2.33333333333333	7.33333333333333		4	2		3		1.5	
hsa-miR-6839-5p														1						
hsa-miR-125a-5p	7064	7394	5819	10992	3235	13382	6323	15001	4238	4628	7277	4809	3156	15625	9029	19543	11685	19001	14341	5282
hsa-miR-337-5p	1	5	4	4	4	3		10	8	1	13	4	4	13	5	4	15	1	3	2
hsa-miR-6788-3p																			1	
hsa-miR-378e	1.5	17	9	8	3.5	5.5	5.33333333333333	15	6	1.5	13.3333333333333	10.8333333333333	2.5	21.5	6.5	3.5	27	7	4	4.5
hsa-miR-3617-5p															1					
hsa-miR-4800-3p	22	34	30	50	77	14	25	26	34	147	15	38	88	19	135	55	20	21	38	82
hsa-miR-374a-5p	66.3333333333333	695.333333333333	731	551.333333333333	92.3333333333333	74.3333333333333	82.5	599.833333333333	360	46	444.166666666667	812.833333333333	136	593.166666666667	208.333333333333	195.333333333333	494.333333333333	88.3333333333333	216	68
hsa-miR-6513-3p	2	2	1		1		1	6	4		6	1					3	2	1	
hsa-miR-3662			1								2									
hsa-miR-4524a-5p		2		2		2			1		1	2	1	1				1	3	
hsa-miR-28-3p	1015	3008	3796	4181	1387	1371	1056	4890	2808	665	2376	3405	2096	5253	2603	3132	4180	1865	3133	809
hsa-miR-4640-5p												1								
hsa-miR-3140-3p			1									1								
hsa-miR-3611		3	2		1				1		1	4								
hsa-miR-10a-5p	4790	14559	7627.5	2120.5	3380	4452.5	1845	11448.5	5098	1216.5	11082.5	4879.5	3319	15352.5	5862	10576	15518.5	9513.5	4153.5	2748
hsa-miR-6130			1	1				2			1						1			
hsa-miR-29b-2-5p		5	12	10.5	6	1	1	12.5	2		4	15	1	11	4	4	13	5	12	2
hsa-miR-493-3p	1	21	15	20	1	2	1	12	9	3	2	16	5	9	8	1	14		3	1
hsa-miR-4456											1									
hsa-miR-99a-5p	1307.5	6534.5	3270	6953.5	1610.5	2292.5	1831.5	7786.5	1837	1766.5	6783.5	2626.5	2239.5	8869.5	4726.5	6627.5	7162.5	3076	4195.5	1683.5
hsa-miR-4727-3p		1																		
hsa-miR-196a-5p	22	285	7.5	0.5	16	7		305.5	90	9	67	205.5	30	11		60	7	5		
hsa-miR-561-3p																			1	
hsa-miR-4723-3p					1															
hsa-miR-514b-5p																			1	
hsa-miR-6763-5p				1		1										1				
hsa-miR-3607-3p	23	47	38	58	18	57	27	48	28	5	29	29	27	37	27	46	32	47	50	18
hsa-miR-6516-5p				2	1					1						2	1			
hsa-miR-4707-3p		4		3	2	3	1		2			2			2	4	7		4	
hsa-miR-6860												1								
hsa-miR-6809-5p			3		1						1									
hsa-miR-4267												1								
hsa-miR-4667-3p		1											1						1	1
hsa-miR-1247-5p	135	61	67	24	30	196	75	390	405	332	62	61	110	268	104	481	332	183	45	87
hsa-miR-4325							1							1						
hsa-miR-6512-5p									1						1				1	
hsa-miR-510-5p														1						
hsa-miR-3613-3p	17	25	21	16	15	33	26	43	15	9	18	29	27	23	12	32	27	59	22	7
hsa-miR-548a-5p				1																
hsa-miR-5587-3p															1			1		
hsa-miR-1180-5p		2		1		1			2			2			1		1		1	2
hsa-miR-4726-5p			1																	
hsa-miR-4669																	1		1	
hsa-miR-490-3p	1					2		1	1		2			3		1	2	1		
hsa-miR-497-5p	59	329	269	269	63	82	79	445	447	130	353	418	73	599	138	158	454	132	189	57
hsa-miR-101-3p	1196	10151	9294	10403	720	1369	996	7385	6486	655	9715	11984	941	10942	4441	3876	9148	1816	2784	919
hsa-miR-4426					1		1								1					
hsa-miR-3196	43	64	64	53	84	51	29	59	20	57	25	56	78	24	76	62	28	52	51	55
hsa-miR-6840-5p							1											3		1
hsa-miR-127-5p	6	64	31	76	21	23	5	46	62	9	55	30	43	108	20	23	102	31	25	1
hsa-miR-642b-3p																	0.5			
hsa-miR-193b-3p	638	1051	1798	1001	958	2191	647	2870	857	532	1066	1112	653	1630	1333	1725	2459	1724	1586	876
hsa-miR-363-3p	8	46	240	564	6	41	13	59	70	4	72	131	25	140	29	26	140	30	73	5
hsa-miR-3620-3p	1	1	5	1		11	2	4				2		3		3	5	7	3	4
hsa-miR-589-3p		2	5	14	3	7	8	13	2	1	5	4	4	9	5	4	5	10	3	2
hsa-miR-4419a	1																			
hsa-miR-6861-3p	1	1								1	1	1				1	1	1		
hsa-miR-520a-3p				7								2					2			
hsa-miR-597-3p		1	1									1								
hsa-miR-6869-5p									1											
hsa-miR-6836-3p	10	19	8	13	11	57	3	41	13	42	13	29	12	22	51	85	25	18	10	11
hsa-miR-3154								1						1		1			2	
hsa-miR-548x-5p			1.08333333333333			0.25	0.25		0.25			1.11666666666667		0.583333333333333					0.2	
hsa-miR-6853-3p				2							1			1	1		1		3	2
hsa-miR-6793-5p												2				1			1	
hsa-miR-493-5p	2	46	58	52	6	14	2	57	35	6	28	29	12	59	14		30	8	14	1
hsa-miR-5683		2	2	1					1		4	37		1		1	4		1	1
hsa-miR-629-5p	9	31	68	22	5	2	3	54	31	7	39	49	18	35	14	14	35	5	8	3
hsa-miR-4423-5p		1							1		3			3						
hsa-miR-5009-5p						1														
hsa-miR-24-3p	1187	8112	8597	3467	2204	2950	1744	10679	5375	874	6894	5181	1682	12190	4353	4347	6812	3438	5419	1688
hsa-miR-6780b-3p										1		1	1							
hsa-miR-3934-5p	5	17	11	3		1	3	5	2		5	7	3	6	3	4	8	3	7	3
hsa-miR-655-3p		20	17	13	7	9	3	19	8		27	16	7	23	5	1	43	6	5	1
hsa-miR-6508-5p						1														
hsa-miR-181d-5p	18	212	262.5	203	48	41.5	27	282	122	15	109.5	147	45	150.5	73	108	150	66	134	18
hsa-miR-4443	9	5	6	4	6	4	4	7	5	1	3	6	5	4	1	4	1	5	5	4
hsa-miR-1238-3p								1												
hsa-miR-2116-3p	1	1	3	1		2	2	4	3	2	1		3	2	1		4	2	1	1
hsa-miR-598-3p	6	27	89	28	3	8	6	30	19	3	35	40	3	35	16	10	29	10	15	5
hsa-miR-6895-5p								1					1							
hsa-miR-548an			0.25																	
hsa-miR-22-5p	4	72	130	55	16	11	8	61	26	2	46	90	15	40	10	13	59	18	26	5
hsa-miR-134-5p	23	81	77	187	55	49	25	121	56	40	79	61	122	197	43	70	225	58	72	16
hsa-miR-3190-3p																	1			
hsa-miR-4512															1					
hsa-miR-6733-5p		4	1					2						2						1
hsa-miR-18b-3p		1		1		3							0.5							
hsa-miR-28-5p	72	475.333333333333	547.333333333333	659.333333333333	141	107	54	569.666666666667	282.333333333333	48	309	549.333333333333	179	639	197	261	480	159.833333333333	291	49.3333333333333
hsa-miR-182-3p			3	2						1		1		1		1			1	
hsa-miR-625-3p	7	14	34	12	25	11	9	27	31	18	7	47	26	28	7	21	38	25	16	3
hsa-miR-6070																	2	1		
hsa-miR-616-5p	3	3	7	9	3	7	4	10	3	1	6	8	5	10	1	12	14	4	8	3
hsa-miR-323a-3p	4	20	24	22	10	10	5	12	9	4	11	9	19	56	10	9	40	10	17	1
hsa-miR-3173-3p		2									1	1					1			
hsa-miR-138-5p	6	127	40	27	18	1	4	199	44	7	67	12	13	24	13	4	33	5	36	7
hsa-miR-6861-5p					1															
hsa-miR-6767-5p														1						
hsa-miR-4448	94	224	159	323	290	72	67	262	149	140	128	338	240	115	74	162	104	73	209	108
hsa-miR-4430												1								
hsa-miR-3065-3p	2	15	47	8	4	6	11	10	9	1	26	3	2	27	11	4	5	3	10	18
hsa-miR-3117-3p	2	12	2	1	1	3		7	4		6	19	8	9	1	1	6	1	2	1
hsa-miR-519c-3p			1	5	1							6	1				1			
hsa-miR-6852-3p				1			1													
hsa-miR-6785-3p	1	1																		
hsa-miR-6505-5p		1		1				2			2			4	3		2	1		
hsa-miR-365a-5p	2	2	7		7	5	4	6	10		4	3	1	3	2	4	6	5	7	2
hsa-miR-129-5p	3	6		1		5	2		2		12			3		4	3	2	5	3
hsa-miR-6816-3p							2												1	
hsa-miR-380-3p		3		2				1	1		1		2	2	1	1	1			
hsa-miR-539-3p		18	23	16	2	2	2	14	7		16	17	1	17	2	2	17	5	8	
hsa-miR-4487				1																
hsa-miR-548n			3	1.5								3		1						1
hsa-miR-217				1				1				4				2			3	
hsa-miR-7159-3p					2															
hsa-miR-6805-5p							1													
hsa-miR-3136-3p						1														
hsa-miR-3942-5p			1	1	1			3							1					
hsa-miR-182-5p	1359	10603	8086	7583	2242	1779	1579	7441	4728	392	7477	6053	1460	6864	5437	2224	5677	1008	4903	1317
hsa-let-7e-3p	6	24	18	21	4	20	23	27	17	9	16	16	6	34	21	19	32	27	31	12
hsa-miR-659-5p	1	2	4	5	1	1	2	7	3	1	3	3	2	5	3	5	3	3		
hsa-miR-548ak			1.5					0.5	1			0.5					1			
hsa-miR-5588-5p					1			2										1		
hsa-miR-6886-3p		1				1				1			1				2			
hsa-miR-3180-3p		1			0.5	0.5	0.5						1	1			0.5		0.5	
hsa-miR-3143												1								
hsa-miR-2467-5p		3	10	2	2	1		4	6		1	6	1	2	1	1	1	1	4	
hsa-miR-504-5p		6	10	12		9	7	16	6	2	9	1	2	18	1	18	14	9	5	4
hsa-miR-5688																		1		
hsa-miR-1288-3p							1										1			
hsa-miR-3679-5p					1		3		1					1					1	
hsa-miR-4494												1								
hsa-miR-411-3p	5	12	3	10	1	3	1	16	5		11	3	4	10	7	1	14	4	5	
hsa-miR-548c-5p	0.25	2.16666666666667	3.5	0.833333333333333	0.25	0.75		2.16666666666667	1.41666666666667			2.08333333333333	0.25	1.91666666666667	0.666666666666667	1	2	0.333333333333333	0.583333333333333	
hsa-miR-7111-3p	1		1				2	1						0.5					1	
hsa-miR-6727-5p															1					
hsa-miR-514a-3p								3	1			1		6	1	3		1		
hsa-miR-4672															1					
hsa-miR-128-1-5p	2		4	7		2	1	1	3	1	6	2	4	5	2	1	7	7	2	
hsa-miR-4714-3p											1								1	
hsa-miR-4753-3p			1																	
hsa-miR-664b-3p	30	29	18	31	22	53	13	51	24	23	16	27	20	30	28	55	26	38	37	18
hsa-miR-7704	132	237	170	436	287	167	125	206	126	538	160	322	301	172	372	271	205	189	202	252
hsa-miR-15b-3p	2	57	84	16	4	6	3	51	33		34	56	9	18	10	4	45	1	12	2
hsa-miR-1825																1				
hsa-miR-4697-3p	1			1	1		1	1	1			2		2		2	2	4		
hsa-miR-181b-5p	182	1446.5	1442	940.5	388	360.5	221	2390	1370	231	742	1528	856	1676.5	561	727	1593.5	539.5	855.5	223.5
hsa-miR-196b-5p	5	101	31.5	2.5	1	1		18.5	13	3	49	65.5	20	9		15	6	7		9
hsa-miR-132-5p	4	21	44	12	5	4		7	7	2	8	24	7	10	7	3	16		17	3
hsa-miR-4458		3	1	1					1		1	2					1		1	
hsa-miR-4645-3p		3	5	3	1			1	3		3	5	2	2			3		1	
hsa-miR-3934-3p			1															1		
hsa-miR-219b-5p		1	2					1	1								1	1		
hsa-miR-6509-5p			1					1				1							1	
hsa-miR-1266-5p	2		5	6		1	1	3		1	1		1	1	4	3	1		3	1
hsa-miR-409-5p		3		8	3	1	1	3	1		5	4	5	11	1	2	6	7	9	
hsa-miR-5787																		1		
hsa-miR-1909-3p						1					1									
hsa-miR-508-5p	1													1			1			
hsa-miR-30c-5p	831	3238	2890	4749	631	1550	1064	4994	2224	568	2781	2251	1192	4106	1890	2663	3640	2480	3348	713
hsa-miR-3909	2	5	11	7	5	5	4	18	2	1	11	9	6	14	6	7	20	8	10	3
hsa-miR-4504												1								
hsa-miR-455-5p	20	325	398	78	41	30	30	251	329	29	190	291	103	161	67	33	202	38	114	41
hsa-miR-4761-3p		1										1					1			
hsa-miR-5585-3p	1	7	1	2	2			3	3	1	2	3	1	2	1	1	1	1	1	
hsa-miR-203a	6834	74497	81700	512	10023	17423	9465	60596	52583	2444	65635	24172	10538	57778	34811	18790	48154	9931	20044	14917
hsa-miR-1911-3p													2			1				
hsa-miR-6889-3p						1														
hsa-miR-195-3p	3	18	9	14	4	4	5	26	23	9	21	19	4	37	7	22	42	9	5	4
hsa-miR-1303	4	11	19	15	8	3	5	27	14	6	16	9	4	11	2	6	9	10	6	2
hsa-miR-4417				1	1				1			1	1		1				2	3
hsa-miR-4649-3p								2	1		1			1		1	2			
hsa-miR-624-5p	1	5	3	2				6	1		1	4	1	2			1			
hsa-miR-548aj-5p			1.08333333333333			0.25	0.25		0.25			1.11666666666667		0.583333333333333					0.2	
hsa-miR-548ap-5p			1		1			1.5	0.166666666666667			0.5					0.5			
hsa-miR-3151-3p																1				
hsa-miR-1304-5p		2	2		1			2												
hsa-miR-193b-5p	5	8	7	6	3	18	2	18	6	4	3	7	2	12	7	9	20	12	13	9
hsa-miR-6074			1																	
hsa-miR-7155-3p		1		1			1	1			1			2	1					
hsa-miR-550a-5p		5	8	3		3	1	2	1	1	1	1	5.5	3.5	4	2	5.5	4.5	6	1
hsa-miR-1295a		3		1		1			1				3	3	1		1		1	
hsa-miR-6510-5p		2									2									1
hsa-miR-3605-5p		3	3	2		3		9	3	1	6		5	8	1	4	5	2	3	
hsa-miR-1268b	7.5	10.5	12.5	1.5	6	6	7	14.5	13.5		8.5	5.5	4	6.5	7.5	2.5	7.5	6	12	3
hsa-miR-4637												1								
hsa-miR-376b-5p		1						0.5	0.5			0.5		1.5			0.5			
hsa-miR-6129		1	2	2	2			1			1	4		2			1	1	2	
hsa-miR-653-3p			1	1				3									3			
hsa-miR-6871-3p								1									1			
hsa-miR-299-5p	7	20	9	18	6	43	6	31	3	2	48	4	8	36	22	5	51	33	11	1
hsa-miR-548p		0.333333333333333							0.333333333333333					0.5						
hsa-miR-30b-3p		3	5	2	1		1	4	1		1	2	2	4		3	2	4	1	2
hsa-miR-4687-3p	2										2								1	1
hsa-miR-615-3p	5	12				2		19	2		11	4	10	4		16	11	11	1	3
hsa-miR-1185-2-3p			1.5	2	2			4	1.5	2			3	2			2.5	2	0.5	
hsa-miR-524-5p				2																
hsa-miR-6776-5p														1						
hsa-miR-6727-3p														1						
hsa-miR-3685								2							1		1			
hsa-miR-7977	925	1681	966	1468	2007	1492	1046	1681	691	252	1293	1275	1568	1856	1542	1673	1721	1531	1303	1332
hsa-miR-519d-3p				11	3	2			1		3	5					1			
hsa-miR-5581-3p	1		1	1		1		2	2		1		2		2	4	2		1	
hsa-miR-516a-5p				24	1				1			6							2	
hsa-miR-10b-3p	5	17	13	12	6	5	5	23	7		17	20	15	47	12	19	20	11	9	3
hsa-miR-29b-3p	108	421	826.5	858.5	113	96	62	494.5	441	111	352.5	850	94	654	176	342.5	548.5	114	323	90
hsa-miR-4433b-5p	2	2	2	1	1	9	2		1	1	3	2	4	1	5	3		4	3	1
hsa-miR-454-5p	2	7	16	9	3		2	6	7		11	11	12	16	9	8	9		7	
hsa-miR-548ay-3p			1				1		1		1			1	1	1				
hsa-miR-6513-5p		1	1	1				1	1		1			1					1	
hsa-miR-5579-3p			2		1										1					
hsa-miR-5100	47	43	26	49	37	69	25	52	21	4	29	36	28	47	68	55	55	52	42	30
hsa-miR-431-5p	1	13	21	15	8	5	1	10	13		13	21	18	13	4	1	27	2	2	1
hsa-miR-4451	2	11	11	1	2	2	2	7	2		3	4		5	4	3	5		3	2
hsa-miR-548ar-5p			1.08333333333333			0.25	0.25	1	1.25			0.916666666666667		0.583333333333333						
hsa-miR-200b-3p	364	2817	3676	9566.5	400.5	467	828	2208.5	1878	81	3620.5	1728	1177	3065	1147	678	1354.5	330	2498	436.5
hsa-miR-6516-3p	14	24	43	30	16	8	6	22	25	7	20	27	13	30	24	13	17	7	7	8
hsa-miR-7974	6	13	76	1	7	2	4	33	18		19	8	11	18	8	6	13	3	14	5
hsa-miR-1273e	1	1		1								3	1	3		3				1
hsa-miR-6499-5p		8	5	3	2	5		18	2		3	3	2	1	1	2	2	1	3	2
hsa-miR-1305		3	5						2		1	6	2	2	1		3			
hsa-miR-92a-3p	18792.5	34118	46443.5	22506.5	9150.5	33770	19283	50161.5	27969.5	6388.5	22661	23760	18707	37863	30508.5	41051	34753	28229.5	37751.5	20570.5
hsa-miR-337-3p	1	17	4	10	6	4	1	15	2	3	12	6	6	30	3	5	18	7	8	1
hsa-miR-6852-5p		2	2	3			1	2								2	3			
hsa-miR-937-3p		3	7		2	2	2	2			2	1	1	5	3	2	4	2	2	3
hsa-miR-302f													1							
hsa-miR-432-3p				1				2	1				1				2	1		
hsa-miR-6870-3p		1			1		1			1	1					1				
hsa-miR-6510-3p	14	103	43	4	3	29	33	23	11	8	143	6	67	112	33	34	12	19	40	20
hsa-miR-548i			4.5	3.5	1	1		2			1			1	1		2			1
hsa-miR-660-5p	54	679	953	944	134	97	94	824	715	32	568	860	240	863	336	345	788	121	346	85
hsa-miR-3660									1											
hsa-miR-550b-3p					1				1		2						1		1	
hsa-miR-520a-5p				3									1				1			
hsa-miR-421	15	108	187	160	38	18	16	169	73	11	90	137	76	137	69	55	129	26	85	14
hsa-miR-3180		1			0.5	0.5	0.5						1	1			0.5	1	0.5	
hsa-miR-151a-5p	307.5	1591.33333333333	1628.33333333333	2416.83333333333	480	483.5	401	2537.66666666667	1005.83333333333	248	1429.5	1484.33333333333	648.5	2845.5	1107	1444.5	1995.5	889.833333333333	1285.5	267.833333333333
hsa-miR-378g	2.33333333333333	7.66666666666667	9.83333333333333	7.5	1.5	3.83333333333333	2.83333333333333	14	1.83333333333333		15.3333333333333	8.5	5	16.8333333333333	11	0.333333333333333	29.8333333333333	7.33333333333333	8.5	1.5
hsa-miR-29a-5p	1	9	24	7	5	3	1	8	4		8	16	2	12	2	8	12	7	6	1
hsa-miR-6891-3p																			1	
hsa-miR-521				4																
hsa-miR-6894-3p			2			3		1			1	3				3	2	2		
hsa-miR-151a-3p	792	3347	3308	4490	1303	1321	1006	4405	2184	667	2755	2956	1652	5779	1921	3006	5729	1874	2708	775
hsa-miR-3155b																			1	
hsa-miR-200c-5p		18	15	10	3	4		13	6		6	4	4	6	4	6	2		6	
hsa-miR-4788														1						
hsa-miR-26b-3p	8	36	58	52	5	11	13	50	31	11	37	47	14	42	10	10	46	19	34	7
hsa-miR-1468-5p	2	8	2	8	1	1	1	3	7	4	7	2	4	6	3	2	12	4	5	2
hsa-miR-590-5p	1	6	8	5	3			3	5			2	1	1	1		3		2	
hsa-miR-523-5p				0.333333333333333	0.166666666666667															
hsa-miR-4483		20	17		1			8	4		9	4		6	3		11			1
hsa-miR-1281	20	26	18	14	24	23	16	30	5	122	11	22	57	9	73	65	18	16	26	38
hsa-miR-4796-3p	1			1				1						1						
hsa-miR-3657												1								
hsa-miR-582-3p	10	72	146	243	15	7	13	55	49	5	105	96	42	135	52	29	70	15	27	6
hsa-miR-148a-3p	1195.5	15712.5	12551.5	154039.666666667	3018.5	949.5	907.5	9521.16666666667	18916	2497	9415.83333333333	19495	3121	12473	5526	3515	10430.3333333333	1271.5	9438.16666666667	875
hsa-miR-106b-3p	48	351	568	357	142	111	66	503	279	37	204	413	168	402	173	216	598	93	231	67
hsa-miR-4482-3p		1		2	2								1		1				1	
hsa-miR-412-5p	1	5	1	1	2			2	4		5			2		1	5	1		
hsa-miR-5571-5p																1				
hsa-miR-6851-3p			1						1	2			3		4	2			1	1
hsa-miR-6502-5p				1					1						1					
hsa-miR-433-5p		2		2			1	2			1						1			
hsa-miR-570-3p	1		1						1								3			1
hsa-miR-1269b	1							8			24		1	7					1	
hsa-miR-6736-3p			1																	
hsa-miR-942-5p		5	17	2				3	4	1	1	2		1			5		4	
hsa-miR-4324	2	1	2		3	4	1	3		1			1	2	2	4	2	2	1	2
hsa-miR-4757-5p			1											2						
hsa-miR-3135a										1										
hsa-miR-129-2-3p	4	7	2		3	9	6	3		2	23	3	3	3		10	2	18	22	12.5
hsa-miR-324-3p	16	68	75	78	23	69	25	96	35	17	72	44	36	89	37	65	83	49	61	18
hsa-miR-6739-3p				1																
hsa-miR-3177-5p													1							
hsa-miR-5571-3p																	1			1
hsa-miR-4492	34	27.5	31	31.5	65.5	41	14	65.5	14	54	18	45	26.5	20.5	51	49	42.5	29	27.5	40
hsa-miR-581			1																1	
hsa-miR-520g-3p		1.5		5								1					1			
hsa-miR-3126-3p			1						1			1								
hsa-miR-5001-3p		5	1	1		2		1	2		1	1	2	1		1	2	1	1	
hsa-miR-506-3p									1					2						
hsa-miR-6748-5p												1								
hsa-miR-7109-3p	1	1																		
hsa-miR-4670-5p			1						1											
hsa-miR-31-3p	1	667	370	9	49	20	2	148	233	1	55	305	44	157	68	21	134	1	91	30
hsa-miR-1273h-3p	1		10	2	1	2		4	2	1		5	4	1	2	3	4	1		
hsa-miR-98-5p	77.5	1584.66666666667	2346.5	729.666666666667	133	153.5	120.833333333333	1143.16666666667	754.166666666667	42	926	1538.5	219.5	845.833333333333	366	344.666666666667	732.5	141	367.333333333333	86.5
hsa-miR-676-5p				1														1	1	
hsa-miR-2115-3p		1						1												
hsa-miR-29a-3p	773.5	3764	7778	6412.5	807.5	1007	682.5	5600	4063.5	604.5	3547	6923.5	925	6428.5	2079	2391.5	5087.5	1379.5	2501.5	624
hsa-miR-7152-5p						1														
hsa-miR-7113-3p						1														
hsa-miR-362-5p	9	34	51	37	18	19	16	99	48	5	45	22	16	116	57	49	105	40	36	13
hsa-miR-1286			2	3				1												
hsa-miR-505-3p	9	36	77	36	9	19	9	64	38	6	29	45	21	84	31	32	64	30	39	5
hsa-miR-6780a-5p															1		1			
hsa-miR-6802-3p		1				1	1	1			1		1						1	
hsa-miR-15a-5p	74	855	2192.5	726	116	128	59	780.5	800	73	546	1531	213	566	207	173	616	113	244	67
hsa-miR-484	137	408	843	400	284	623	261	818	375	128	356	496	251	730	406	598	523	539	606	190
hsa-miR-548as-5p		1	1									1							1	
hsa-miR-382-3p		19	22	19	8	1		20	12	1	13	16	5	16	2	5	25	2	4	
hsa-miR-6770-5p					1									1				1		
hsa-miR-550a-3-5p								2					1.5	2.5			2.5	0.5		
hsa-miR-3622b-5p					1									1						
hsa-miR-4701-5p						1								1	1					
hsa-miR-147a								1												
hsa-miR-432-5p	4	59	29	90	21	26	9	71	24	15	49	38	33	106	17	23	106	25	40	4
hsa-miR-204-3p								2	2		3		1				2			
hsa-miR-6724-5p	3	2	3	1	2	4	2	3				3		1	2	3	4	1	3	
hsa-miR-3663-3p		1															1			
hsa-miR-124-3p	1	2		1				1	16	3	2		1	6						1
hsa-miR-96-3p		1	2	2							1									
hsa-miR-1913			2	1								1						1		
hsa-miR-6886-5p		2					1										1			
hsa-miR-4309															1					
hsa-miR-320d	7.83333333333333	9.83333333333333	19.3333333333333	15.5	7.5	26.0833333333333	7.5	33.0833333333333	8.5	3.5	13.1666666666667	9.5	7.83333333333333	32	16.3333333333333	21.3333333333333	34	26.6666666666667	11.0333333333333	16.8333333333333
hsa-miR-4290										1						1				1
hsa-miR-526b-5p				6	1															
hsa-miR-3620-5p					1	2								4		2.5	5.5	1		1
hsa-miR-3926															1		1			
hsa-miR-95-3p	7	44	74	15	3	15	8	58	7		67	62	8	83	37	25	82	44	24	15
hsa-miR-4688			1			2	1	2												
hsa-miR-222-3p	441	3795	3297	1058	764	960	644	3530	2106	234	2199	1570	1349	2043	1580	1726	2107	575	1200	564
hsa-miR-345-3p				1			1							1			1			
hsa-miR-6865-3p		1								2						1	1		1	
hsa-miR-3176	2	2	4	2				6			1	1	1	2			1			2
mir																				
hsa-miR-6824-3p				1		1					2	1	2			2	1	2		
hsa-miR-4796-5p											1									
hsa-miR-502-5p		5	26.3333333333333	2	1	2	3	7	4	2	11	7	6	4	1	3	14	5	3	1
hsa-miR-7641	189	450	454	517	428	113	140	200	304	297	246	662	565	236	442	175	115	122	240	329
hsa-miR-1180-3p	7	12	18	10	7	14	12	29	13	3	22	16	13	45	17	16	43	22	20	10
hsa-miR-5187-3p			1					1	1								1			
hsa-miR-1297		3		2		1		5	2		1	2			1	2		2		1
hsa-miR-3944-5p				1																
hsa-miR-548at-5p		1	2	3								1					2			
hsa-miR-664a-3p	93	140	139	446	131	521	160	432	155	147	196	149	82	353	215	435	269	345	327	222
hsa-miR-143-5p	9	76	48	129	11	6	4	47	22	11	35	68	19	67	38	27	54	10	51	6
hsa-miR-4522											1									
hsa-miR-4753-5p											1	1			1		1			
hsa-miR-383-5p				2					10	8	1	2								
hsa-miR-34c-3p	1	5	6	3	7	12	2	10	2	1	2		3	13	9	3	6	7	2	2
hsa-miR-503-5p		10	8	6	4	1	1	13	5		5	17	3	6	2	2	9		2	
hsa-miR-6784-3p						3					1				1	1		2		
hsa-miR-767-3p									1											
hsa-miR-6875-5p		1											2			2		1		
hsa-miR-6875-3p						1														
hsa-miR-1234-3p		2	1	1				2									1		1	1
hsa-miR-19a-5p		2	8						1		2	4				2	1			1
hsa-miR-6779-5p																			1	
hsa-miR-6789-3p		1			1															
hsa-miR-134-3p		2		2		1		3	2		1		1	3		2	1			
hsa-miR-936							1				1			1						
hsa-miR-1233-3p				1				3			1	1	1		1	1			1	
hsa-miR-193a-3p	49	602	456	264	65	125	79	442	271	44	325	281	103	442	161	219	416	111	252	110
hsa-miR-1185-5p	1	12	6	6	2	1	1	10	4	2	6	2	2	13	2	3	12		1	
hsa-miR-133a-5p	2	36	4	5		13	3	17			43	70		115	34		167	66	12	
hsa-miR-6501-3p				1		1		2				1		2						
hsa-miR-6847-5p					1				1					1						
hsa-miR-1260b	618.5	702	880	743	867.5	1014.5	561	1410	445	232	573.5	591.5	607.5	691.5	1655.5	1460.5	570.5	1437	1010.5	535.5
hsa-miR-4536-3p								2												
hsa-miR-6833-3p										1								1		
hsa-miR-185-3p	2	2	12	8		3	1	8	4		2	8	1	7	8	2	7	3	2	1
hsa-miR-4529-3p						1		3	1			6		2			1	1		
hsa-miR-1273d										1	1	1	1		1					
hsa-miR-1277-3p		2	9	1					1		1		1		1					
hsa-miR-1538			1	2		1		2	1							1	4			1
hsa-miR-4776-3p		1				3	1		1			1		1		2				1
hsa-miR-1243											2				1		1			1
hsa-miR-30c-2-3p	11	18	13	118	3	12	6	34	16	7	21	21	6	50.5	18	29	82	37	51.5	7
hsa-miR-208a-3p		1				1	1	5			8	12		29	3		13	2	1	
hsa-miR-3116		1		1				1						1				1		
hsa-miR-4738-5p												1								
hsa-miR-30e-3p	81.5	681.5	734.5	823.5	61.5	127	90	748.5	464.5	50	598	560	228.5	633.5	278	244.5	649	151.5	352	66
hsa-miR-149-5p	252	424	993	113	184	326	337	762	394	140	605	316	266	784	483	254	566	472	514	173
hsa-miR-3198												1								
hsa-miR-5190							1		1										1	
hsa-miR-221-3p	339	6626	6995	1504	904	661	485	5563	3770	209	3311	3017	1379	2897	1812	1819	2586	550	1323	579
hsa-miR-4712-3p												1					1			
hsa-miR-3139		1	1						1											
hsa-miR-6750-3p									1									1		
hsa-miR-6778-3p				1																
hsa-miR-4999-5p			1									2		1			1			
hsa-miR-4481								1												
hsa-miR-20b-3p			1	1							1		1				1		2	
hsa-miR-4636		1	2	1	1							2	1	1	1	1				
hsa-miR-449b-5p		1	2		2	1		3					2	1		1		1		
hsa-miR-5188		2		1													1			
hsa-miR-4652-5p		1									1	1	1			1				
hsa-miR-652-3p	22	106	198	171	53	92	42	171	101	25	104	146	56	200	86	135	245	82	91	28
hsa-miR-4737				2																
hsa-miR-498				1								1								
hsa-miR-3656	10	7	9	22	7	14	5	29	8	16	6	12	7	2	24	16	24	17	17	3
hsa-miR-1469			1							1	3	5			2	1	2	1		
hsa-miR-1262			3		1	3		3	1	1	1	2		3		1			2	
hsa-miR-4662a-5p		2	4	2		2		3	3		2	3	1	3	3	3	2		2	
hsa-miR-4795-3p			1																1	
hsa-miR-6084					1										1	1				
hsa-miR-29c-5p	9	52	82	77	10	29	9	86	31	4	62	69	12	117	35	40	89	25	59	10
hsa-miR-374b-5p	51.3333333333333	528.833333333333	640	546.333333333333	113.333333333333	114.833333333333	88.5	636.833333333333	358	44	318.666666666667	533.333333333333	178	535.166666666667	223.333333333333	236.333333333333	638.833333333333	157.333333333333	264.5	50
hsa-miR-30c-1-3p	8	15	19	27	11	9	6	30	15	6	20	6	6	21.5	14	26	26	18	19.5	1
hsa-miR-616-3p			1					1					2	1			1			
hsa-miR-548w		1	5.5	3.5				1.5	4			1.5		2	3		4.5		2	1
hsa-miR-212-3p	3	13	48	25	9	11	7	15	11	5	14	31	14	23	8	12	37	11	52	15
hsa-miR-585-5p		5	1	4	1	2	3	4	1	2	4			3		3	4		3	1
hsa-miR-4445-5p				1																
hsa-miR-1224-5p								1	1					1		1				
hsa-miR-561-5p	3	11	42	65	3	3	4	15	9	2	32	12	7	32	12	7	21	13	11	
hsa-miR-4772-5p		1	4		1			1	1			3					1			
hsa-miR-4786-3p												1								
hsa-miR-6764-3p								1												
hsa-miR-3158-3p	1	7	12	3	1	4	4	11	6	1	6	3	3	11	6	4	9	3	5	1
hsa-miR-4427											1								1	
hsa-miR-23b-5p		1	3	2	5	2		3	3			2		3	1	2	7		1	
hsa-miR-3913-5p	1	3	8	11		2	1	8				3	2	4	3	3	3	2	1	
hsa-miR-802								2			1	1								
hsa-miR-6740-3p																			1	
hsa-miR-125b-5p	5526	9140	6702	10897	3720	12273	6179	16972	5456	5395	8950	5052	4365	17839	10721	23487	15986	16613	11626	5845
hsa-miR-592		8	13	2				1	3		5	20	1	1	2				2	1
hsa-miR-6804-5p		1																		1
hsa-miR-3651	6	27	28	30	20	12	9	29	11	4	12	17	22	11	19	13	19	10	16	14
hsa-miR-6753-5p																	1			
hsa-miR-545-5p		3	2	6				2	3			3			1					
hsa-miR-4773		1										1		1			1			
hsa-miR-371b-5p			5	8	1				1					2		1	2			
hsa-miR-4468			1																	
hsa-miR-940	5	11	27	5	7	15	9	15	4	2	6	9	14	14	6	20	15	15	14	3
hsa-miR-519d-5p																	1			
hsa-miR-33b-3p	1	8	9	2	3	2	1	8	3		10	8	4	5	1	4	5	1	2	2
hsa-miR-588			1																	
hsa-miR-516b-5p				10	1			1				13	1			1				
hsa-miR-671-3p	20	20	49	50	11	31	19	53	28	17	27	27	49	38	46	47	32	41	61	10
hsa-miR-1251-5p			1																	
hsa-miR-545-3p		1	2	2				1				3		1	1	1	1			
hsa-miR-1261		4	9	12	2	6	3	6	3	2	3	13	2	3	8	2	8	2	4	3
hsa-miR-184		2						2			2		1	4		7	2		1	
hsa-miR-146a-3p		1	8	2					4			8	1				7	1		
hsa-miR-449c-5p		5	7	2	2			13	2		1				1		4			
hsa-miR-93-3p	3	16	14	12	2	9	11	13	12	8	8	7	11	14	17	16	17	13	5	6
hsa-miR-7151-3p	1											1						1	1	
hsa-miR-135b-5p	2	155.5	346	58	12	30	7	66	42	5	44	127.5	8	55.5	28	23	38	4	58	17
hsa-miR-128-2-5p						1					1						1	1		
hsa-miR-6800-3p			2											1						1
hsa-miR-548j-3p		1	2		1					1						1				
hsa-miR-195-5p	245	1290.5	1027	1050.5	249	406	266	2337	2022	601	1332	1466	348.5	2549.5	575	803	2322	699	811.5	197
hsa-miR-1292-3p							1		1						1					
hsa-miR-6814-3p						1		1			1			1						
hsa-miR-6735-3p				1													1			
hsa-miR-651-3p								1												
hsa-miR-125a-3p	4	26	33	14	6	16	9	48	10	6	16	13	10	34	20	22	30	23	25	8
hsa-miR-548av-3p								0.5	0.333333333333333					0.5	0.5					
hsa-miR-5701	59	115	121	76	67	99	57	125	89	30	49	136	83	83	102	113	64	66	77	42
hsa-miR-7847-3p												1		1	1	1				
hsa-miR-4258	1	2	1	2	1	1		2					1		3	2				1
hsa-let-7a-2-3p		1	3		1	4	1	2		1	1		1	4	2	3	5	7		
hsa-miR-4497	33	65	48	75	76	34	21	19	33	73	27	60	88	23	68	35	23	33	47	42
hsa-miR-1181				1													1			
hsa-miR-6820-5p			1		2			1												1
hsa-miR-224-3p	5	26	14	8	3	19	7	26	11	8	28	9	6	31	25	17	19	21	22	10
hsa-miR-6819-3p			1			1	2	1					1				1		1	
hsa-miR-520d-3p		1		2								1								
hsa-miR-3121-3p																			1	
hsa-miR-4447			1																	
hsa-miR-3182	56	520	769	143	89	9	39	239	165	23	259	373	132	98	61	17	46	34	102	50
hsa-miR-450b-5p	1	35	15	25	4	1		37	15		16	44	4	15	4	2	4		4	
hsa-miR-6894-5p		1		1	1	1														
hsa-miR-4271								1							1					
hsa-miR-4792	1272	2206	1943	3818	2727	646	842	1239	1279	2162	1026	2789	2870	873	1869	1145	942	960	2048	2428
hsa-miR-452-5p	20	217	347	42	49	23	27	234	191	7	206	230	53	199	109	70	162	23	74	30
hsa-miR-1228-5p				2													1	1		
hsa-miR-3654												1						1		
hsa-miR-642a-5p		1	4	5	1	2		1	4		1			5		4	5	1	4	1
hsa-miR-7114-3p				1				1						1		1		2		2
hsa-miR-6753-3p		1						1												
hsa-miR-299-3p	1	29	26	42	11	3	5	34	8	2	48	16	8	45	12	8	51	7	24	1
hsa-miR-363-5p				1													2			
hsa-miR-636	2		2		1	1		1			1	1							2	
hsa-miR-3152-3p													1							
hsa-miR-4254																1				
hsa-miR-607											1									
hsa-miR-7851-3p																			1	
hsa-miR-520c-5p				0.25																
hsa-miR-580-3p		1	2	1			1	5			1	5		4		1	1			
hsa-miR-3150b-5p					1															
hsa-miR-3174		5	3	3				2	3		1	2			2	1	1			
hsa-miR-6881-5p																		1		
hsa-miR-25-5p	9	15	13	16	4	5	1	25	8	1	6	6	11	14	12	14	18	11	6	1
hsa-miR-934		1	4	7				2											3	
hsa-miR-548am-3p		0.333333333333333															2			
hsa-miR-3939							1													
hsa-miR-424-5p	13	648	280	535	134	25	18	347	368	15	173	770	95	266	67	39	271	21	71	21
hsa-miR-194-5p	10	48	80	65	18	15	12	84	58	5	45	53	16	87	29	48	82	21	37	5
hsa-miR-3178	22	64	53	64	100	23	26	26	42	74	24	42	88	37	85	31	32	41	38	76
hsa-miR-548b-3p		3	3		1	1		2			1	2		1	1	1			3	
hsa-miR-3667-3p												1								
hsa-miR-4651	1	1			1	3									1					
hsa-miR-1322								1												
hsa-miR-4798-5p									1		1	2								
hsa-miR-6842-3p		4	8	5			3	3	4	1	3	8	1		1	3	5	2	6	
hsa-miR-4742-3p		1				2		1				1				2				
hsa-miR-148a-5p	28	194	155	1960	86	26	22	199	234	48	120	208	108	222	110	108	257	41	244	15
hsa-miR-4781-3p	1		3	1				1			1			1			4			
hsa-miR-4518			1																	
hsa-miR-3944-3p			3					2							1					
hsa-miR-3609	2	5	9	11	9	2	8	10	5	18	2	14	13	10	3	6	3	7	6	8
hsa-miR-548aw		1	1									1	1	3	1			1	1	
hsa-miR-4716-5p																				1
hsa-miR-548a-3p	1	1	4	2				2			1	3		1			1			
hsa-miR-7975	14	54.5	28	44	39	12	20	39	23.5	14.5	52.5	32	42.5	72.5	68	31	54.5	14	32.5	28
hsa-miR-6126	4	5	1	9	18	2	4	3	9	7	5	4	18	6	14	6	3	7	6	7
hsa-miR-4440			1															1		
hsa-miR-1255a		1		1			1				2	3		2	1		2		6	
hsa-miR-378h	1.5	15	9	4.5	1	4	2.33333333333333	14	6		20.3333333333333	15	1.5	34.3333333333333	13.5	1.5	32.1666666666667	11.5	4	2
hsa-miR-7976		3	2					2				1					4		1	2
hsa-miR-99b-5p	2960	5895	4248	6956.5	3680	6868.5	4682	10047.5	3069	4096.5	5186	4283	3775	10790	6134	10393	8574	9329	10133	3748
hsa-miR-548au-5p	0.25	0.75	4.33333333333333	3.5	0.25	0.25			1.41666666666667		1	0.75	0.583333333333333	0.75			0.75		0.25	
hsa-miR-494-3p	2	17	6	21	9	9	9	17	7	2	14	11	21	35	10	10	42	15	12	5
hsa-miR-221-5p	7	121	96	44	10	20	7	96	89	3	66	49	46	53	44	37	47	14	40	10
hsa-miR-6780a-3p												1								
hsa-miR-3664-3p			1	4					1			1							1	
hsa-let-7f-2-3p		22	34	16	4	2		22.5	20	4	11	35		13	11	6	11	6	9	3
hsa-miR-551a			1	4			1	1	1		1	1		4	1				1	
hsa-miR-6832-3p						1														
hsa-miR-4749-5p				1											1					
hsa-miR-3167								1												
hsa-miR-1295b-5p									1				2	1						
hsa-miR-4660			1																	
hsa-miR-619-5p	3	14	8	18	13	3	2	3	12	6	5	17	22	6	10	9	3	1	8	9
hsa-miR-215-5p	2	9	23	11.5	1.5	4	2	14	8.5		11	17.5	1.5	14	2.5	4	28	3.5	6.5	3
hsa-miR-6127						1														
hsa-miR-1292-5p	1	1		1	3	1	1	2			1	1	2		1	1	1	1		1
hsa-miR-597-5p	1	1	1					2						1	2		3			
hsa-miR-605-5p							1			2			1	1		1	1	5	2	
hsa-miR-6806-3p				3	2						1			1	1		1			
hsa-miR-550a-3p	6	7	22	9	5	4	3	17	5	2	4	14	7	5	9	19	17		12	
hsa-miR-3144-3p					1						1									
hsa-miR-6758-3p					1															
hsa-miR-5684		4	4	3				1		3	1		1		3		1	1	1	
hsa-miR-150-5p	570	632	3631	944	1948	1460	544	5606	6525	624	449	2988	2924	1787	635	5146	4279	1930	1450	279
hsa-miR-361-3p	122	249	493	374	196	235	109	619	297	154	151	405	164	424	227	463	596	232	342	108
hsa-miR-6133												1		1						
hsa-miR-4446-3p	1			1		1		1				3	3	1					1	
hsa-miR-3127-3p																	1			
hsa-miR-4281								1		1										
hsa-let-7e-5p	163	1147.5	988	974	253.5	429	258.5	1349	430.5	112.5	742	724	291.5	1159	423	618	981	728	892	204
hsa-miR-4510		16	5.5	9.5		0.5	2.5	7.5	3		5.5	2.5	1	7.5	5.5	6.5	8.5	3	4.5	
hsa-miR-628-5p	1	29	20	32	2	5	3	16	13	2	21	31	2	21	3	7	21	8	8	1
hsa-miR-4301	4	5	10	5	6	15	3	17	9	1	7	2	5	21	12	19	14	10	9	1
hsa-miR-4708-5p			1					2				2						1		
hsa-let-7f-1-3p	5.5	26.5	34	18	4.5	8.5	3	30.5	14.5	5.5	19	29.5	10.5	36	13.5	6	18.5	7.5	24.5	6
hsa-miR-100-3p		11	5	2	1	2	2	17	13	2	6	14	1	10	4	7	8	2	5	
hsa-miR-3133			1					3						2		2	1			
hsa-miR-760		3	1		1	2	5	1		1	1	1	1	5	1	3	3	2	3	
hsa-let-7c-3p	1	2	4	5		2	2	10			5	4	4	13	4	4	6	3	3	
hsa-miR-323a-5p			1														2			
hsa-miR-203b-3p	4	33	40	2	11	3	3	25	23	2	28	14	4	21	12	12	26	2	9	6
hsa-miR-6777-3p			1				2									2			1	2
hsa-miR-345-5p	53	109	288	394	41	77	24	240	144	23	143	181	125	317	87	133	273	105	178	19
hsa-miR-877-5p	10	15	25	5	14	19	8	16	7	2	19	10	6	16	12	23	31	18	15	9
hsa-miR-4724-5p				1					1								1			
hsa-miR-1296-3p			1	3	1			2		1			1	1				1		
hsa-miR-5008-5p		1																		
hsa-miR-4700-3p				1																
hsa-miR-27b-5p	22	236	209	55	49	26	23	239	104	14	195	99	55	178	87	40	198	28	76	21
hsa-miR-5000-3p	1	1	3	3				2			1	1		4			1		1	
hsa-miR-4776-5p	1	3	1		1	3	4	3			5			2	4	1				9
hsa-miR-1227-3p		2	3	1			1	5	1	1	1			4			1	2	1	
hsa-miR-3929		2						1			1				1		1			
hsa-miR-6813-5p									1											
hsa-miR-1256									1				1							
hsa-miR-105-5p											2									
hsa-miR-640														1						
hsa-miR-7846-3p			1						1											
hsa-miR-199a-3p	590	9285.5	7907	5055	1520.5	1089	856.5	9385	7230	895.5	6334.5	7630.5	2199.5	12834.5	3553	2916	7920	1652	2523	695.5
hsa-miR-6737-3p		1		4		4	1	4	1		1	2		5				5		1
hsa-miR-30d-3p	7	63	70	43	5	7	1	42	31	3	52	58	10	58	19	16	30	11	24	4
hsa-miR-125b-1-3p	26	88	140	88	41	69	25	159	35	38	94	73	59	187	64	70	239	56	88	26
hsa-miR-1307-5p	104	335	512	317	88	123	115	395	145	72	253	302	133	254	163	140	336	104	216	97
hsa-miR-32-3p		4	9				1	2	4			4		1		1	1	1		2
hsa-miR-4435			1			1								2			3			
hsa-miR-4500			1					3	5	1	2	2				1	2	1		
hsa-miR-6798-3p			4		1	4	2		1			1				1				
hsa-miR-525-3p				2																
hsa-miR-4273			1	1																
hsa-miR-708-5p	61	491	853	103	136	101	93	616	248	12	315	455	182	532	225	165	515	69	282	55
hsa-miR-488-3p		1	3	8							1	1		4			1			
hsa-miR-4466	5	23	16	19	13	11	12	7	10	7	8	13	15	11	9	11	12	7	9	13
hsa-miR-4769-3p		1		2				1						1						
hsa-miR-1910-5p		2	5	1	2		1		1		2	2	3	3	2	6			1	
hsa-miR-6764-5p			1	1										1						
hsa-miR-548y											1		1							
hsa-miR-548ab		1	2	1.5							0.5						1.5			
hsa-miR-181a-3p	52	192	179	318.5	170.5	103	32	563	361	77	106	315	393	362	116	187	485	145	183	33
hsa-miR-3914																		1		
hsa-miR-664a-5p	3	1	1	8		10	1	8	5	1	4	1		8	5	3	5	2	9	3
hsa-miR-34a-5p	32	564	522	560	40	53	49	303	299	61	269	469	97	431	106	112	310	57	121	49
hsa-miR-466								1			1	1		1						
hsa-miR-335-5p	15	124	87	828	25	30	14	131	80	5	181	197	27	182	43	77	295	32	124	13
hsa-miR-4279	2	4	1	3	3	2		5	2	14	1	1	2		3	3	2		3	6
hsa-miR-5588-3p			1											1					1	1
hsa-miR-219b-3p		1										1					1			
hsa-miR-4425			2	1																
hsa-miR-6769a-5p								1												
hsa-miR-5091									1		1									
hsa-miR-99b-3p	9	73	80	45	25	39	19	77	22	6	40	58	33	93	32	40	59	35	63	12
hsa-miR-26a-5p	12787.5	72683	66362	104683	12676.5	18900	14387.5	106838.5	55946	12475.5	66834.5	68339	19867.5	111781.5	42431	46063	74220.5	27704	45998.5	10351.5
hsa-miR-16-2-3p	6	31	112	32	10	8	3	43	38	2	23	76	6	32	12	15	60	8	18	
hsa-miR-320a	918.5	1980.66666666667	2189.16666666667	1569	1034	3967.08333333334	1985.66666666667	3301.58333333333	1352.5	1032	1938.5	1437.66666666667	1056.66666666667	3721.16666666667	1859.33333333333	2987	4123.83333333333	4041.66666666667	2675.53333333333	1796.66666666667
hsa-miR-181a-5p	2706	16168.5	17765.5	16617.5	6571	4967	2542	33342	33426	3412	9558.5	21651	10472	26913	7934	8961	23186.5	7366.5	11238.5	2626.5
hsa-miR-4662a-3p																	1			
hsa-miR-6747-3p		1	2		1	3	2	2			2	1		3		3	2	3	1	
hsa-miR-4766-3p				1							2	1								
hsa-miR-190a-5p	3	18	40	24		3	1	20	10	4	19	30	4	13	4	6	12	2	7	3
hsa-miR-1245b-3p																1				
hsa-miR-7109-5p		1																		
hsa-miR-6728-3p																	1			
hsa-miR-1249	22	20	36	31	16	111	25	77	15	12	19	16	18	53	22	91	42	194	26	25
hsa-miR-6749-3p		2	2		2	3	1	1	2		3		1	4	5	3	3	1	3	1
hsa-miR-4647											2									
hsa-miR-3165				1										1						
hsa-miR-5695		1		2	1						2						1		1	
hsa-miR-1827		3	8	7	1			5	1		6	8	2	7	3	2	5	1	2	
hsa-miR-548c-3p			0.666666666666667						1.33333333333333	0.333333333333333	0.333333333333333			0.666666666666667		0.333333333333333	0.333333333333333		0.666666666666667	
hsa-miR-1299		3		1	1				1		1	4		2	2	2	5		2	1
hsa-miR-374c-3p				1																
hsa-miR-3130-3p			2	2				1	2			1		2	2		1			
hsa-miR-6131	3	7	8	28	3	4	1	7	6	4	4	13	8	10	8	6	3	2	5	9
hsa-miR-6845-3p	1							1		2		2		1	1	3			2	1
hsa-miR-320b	44.5	83.1666666666667	82.6666666666667	69.5	57.5	157.583333333333	67.1666666666667	236.583333333333	63.5	82.5	86	72.1666666666667	43.1666666666667	146.666666666667	87.8333333333333	163	150.833333333333	634.166666666666	125.533333333333	112.666666666667
hsa-miR-505-5p			1					1				4			1	1	5	1	1	
hsa-miR-4639-5p		1																		
hsa-miR-1264																				1
hsa-miR-3188																	2			1
hsa-miR-3664-5p				1																
hsa-let-7a-5p	1817.66666666667	21139.8333333333	21460.6666666666	15509	1817.16666666667	2623.33333333333	1674.33333333333	19659.1666666667	10480.8333333333	1200.83333333333	11120.5	13817.8333333334	3404.5	11601.8333333333	5654.5	5945.33333333333	11179	3627	7319.33333333333	1678.83333333333
hsa-miR-192-5p	210	1084	2030	1028.5	276.5	265	202	1899	1462.5	125	831	1452.5	329.5	1375	511.5	672	1969	335.5	584.5	178
hsa-miR-7-5p		13	38	7	1			3	14			33	1	2	4	2	7		2	
hsa-miR-548l			2					3	1								1			
hsa-miR-4433-3p					1															
hsa-miR-1283				1								1								
hsa-miR-3136-5p		1	1	3				1	1			2		2	1	1	2		1	
hsa-miR-499a-3p		5	1				2		1		8	9		7	2		5			
hsa-miR-6729-3p				1														1		
hsa-miR-629-3p	3	6	9	6	5	2	4	13	5	3	3	8	3	13	6	8	6	6	15	6
hsa-miR-5689											1						1			1
hsa-miR-5006-3p		2	1						1					3	1	1			1	
hsa-miR-130b-3p	37	151.5	222.5	198	90	44.5	40	241.5	103	13	105	168.5	88	194	96	138.5	146.5	56	101.5	36
hsa-miR-548z	0.5	0.5	2.16666666666667	1	0.5	0.5		3.5	4.58333333333333	0.333333333333333	0.666666666666667	2.5		3.16666666666667		1.33333333333333	4.33333333333333	0.5	1.16666666666667	
hsa-let-7c-5p	303	3964.66666666667	2417.5	2823.66666666667	427	807.5	613.333333333333	3687.16666666667	1161.66666666667	295	3459	1388.5	733.5	3561.83333333333	1628	2084.16666666667	2727	1145.5	1343.83333333333	461
hsa-miR-518d-3p			1		1				1											
hsa-miR-377-3p	10	24	37	50	11	8	9	61	22	4	37	32	14	53	10	12	49	6	18	3
hsa-miR-6783-3p									1						1					1
hsa-miR-4319				1																
hsa-miR-6815-5p								1												
hsa-miR-6772-3p		1			2		1										1			1
hsa-miR-374c-5p	0.333333333333333	1.83333333333333	4	5.33333333333333	0.333333333333333	0.833333333333333		2.33333333333333	2		2.16666666666667	2.83333333333333		2.66666666666667	1.33333333333333	0.333333333333333	1.83333333333333	2.33333333333333	0.5	
hsa-miR-874-3p	73	134	140	88	55	182	73	276	85	84	125	113	124	304	113	178	305	211	210	65
hsa-miR-199b-3p	589	9280.5	7904	5050	1518.5	1084	856.5	9369	7220	894.5	6320.5	7629.5	2196.5	12810.5	3549	2911	7913	1648	2517	694.5
hsa-miR-137		1									1	1				1	1		1	
hsa-miR-6165																1				
hsa-miR-454-3p	15	216	453	118	24	18	26	212	168	15	137	320	42	146	61	57	146	27	67	11
hsa-miR-1278															1					
hsa-miR-331-3p	74	219	321	144	128	318	116	342	100	35	194	136	107	365	132	282	390	477	272	81
hsa-miR-187-3p	12	156	7	184	30		1	69	64	7	3	63	13	16	16	20	28	3	35	4
hsa-miR-5699-3p			1														1			
hsa-miR-6746-3p						1										2	1			
hsa-miR-6720-3p						1					1	1				1	3			
hsa-miR-4433b-3p							1													
hsa-miR-924								1									1			
hsa-miR-874-5p	1	8	5	10	5	21	11	20	2	4	10	13	5	28	4	20	18	15	24	3
hsa-miR-579-3p			4	1					2	1				1	1		1			1
hsa-miR-577	1	1	16	33		1	2	14	1		7	3	3	2	1	1	6	4	2	
hsa-miR-6505-3p	1										1						3	2		
hsa-miR-382-5p	2	32	17	34	11	2		17	23	6	17	9	14	37	7	8	46	3	11	2
hsa-miR-4770	1																			
hsa-miR-1973	2	1	2	8	3	2		1		3	7		1	2	3	2	4	2		2
hsa-miR-4473		1	1					1				1				1		1		
hsa-miR-6786-5p																				2
hsa-miR-218-1-3p			1											1						
hsa-miR-3129-3p	1	1	2	1	3		1	1	1		3	1	2	6	1	3	5			
hsa-miR-6877-3p															1					
hsa-miR-6866-5p		2	1	1	1			2	1		1				1		1			
hsa-miR-4746-5p		1				2		1	2		1			1	1	1	1		1	
hsa-miR-107	96.5	534	764.5	478	143.5	181	122.5	822.5	496	43	483.5	528.5	195.5	750.5	316.5	336	647.5	196.5	379	127
hsa-miR-5010-3p	2	7	5	3		17	7	11	3	1	10	4	6	15	9	23	16	23	10	5
hsa-miR-4804-5p								2				1						1		
hsa-miR-376a-5p		17	15	13	1	1		14	3	2	18	7		17		2	15		5	2
hsa-miR-300																	0.5			
hsa-miR-188-5p	4	10	24	7	6	4	3	12	7	2	9	12	2	9	3	8	7	5	7	3
hsa-miR-3678-5p											1									
hsa-miR-6507-5p		1				2			1					1					1	
hsa-miR-6873-3p			1																	
hsa-miR-4775		4	9	4					1		4	8		1			1			
hsa-miR-495-3p	2	38	31	32	9	8	3	39	16		32	22	10	67	6	6	58	9	13	1
hsa-miR-4507		1														0.5			1	
hsa-miR-4671-3p					1															
hsa-miR-4658					1															
hsa-miR-933					1															
hsa-miR-7845-5p			1		1							1						2		1
hsa-miR-4516	188	237	187	192	392	167	101	210	132	298	103	211	379	121	360	252	197	169	224	231
hsa-miR-518c-3p			1	3				1				1								
hsa-miR-1910-3p			1								1									1
hsa-miR-152-5p	3	21	14	25	8	3	2	22	20	3	23	18	17	20	15	9	15	6	14	
hsa-miR-204-5p	194.5	312	189	97	14	180.5	322	1259.5	1920.5	1096.5	321.5	100	83	411.5	271	763	625	542.5	513.5	95
hsa-miR-409-3p	126	475	268	775	385	361	212	608	414	191	439	296	648	1277	248	285	1316	379	526	136
hsa-miR-4666a-3p			1																	
hsa-miR-3940-3p	2	2	11	1		5	4	2	5	1	5	5	2	2	3	3	3	9	4	3
hsa-miR-4787-3p		1	3		1	2	1	1			3		2	6	3	8	3	7		1
hsa-miR-218-2-3p			1	1				2						2					1	
hsa-miR-3920			1														1			
hsa-miR-513c-3p									0.5											
hsa-miR-6742-3p		1																		1
hsa-miR-519b-5p				0.333333333333333	0.166666666666667															
hsa-miR-548az-3p			0.5																	
hsa-miR-212-5p	1	5	9	6			1	1	3	3	3	7	2	9	2	2	7		6	3
hsa-miR-183-5p	134	1440	1359	597	179	190	202	1006	502	77	1173	785	164	866	582	310	605	111	673	177
hsa-miR-6796-3p									1	1		1				2	1			
hsa-miR-889-3p	3	76	63	67	10	9	4	30	34		27	41	15	99	10	10	51	3	14	3
hsa-miR-544a								1				1								
hsa-miR-6732-3p											1					1	1		1	
hsa-miR-15a-3p	2	1	4	1	1			1	1		1	2	1							
hsa-miR-135b-3p	1	26	30	4	3	9	1	5	8		8	16	4	4	5	3	7	1	5	3
hsa-miR-3614-3p			3	1				1				1								
hsa-miR-548ai			1.5	1.5		0.5							1							
hsa-miR-501-3p	28	63	87	114	24	50	41	131.5	56.5	21	50	60	75	102.833333333333	59	81	111.5	57	73	38
hsa-miR-4520a-3p	2.5	2.5	4.5		0.5	1.5	1		1		1.5	1		0.5			1.5		2	2.5
hsa-miR-574-5p	9	68	128	161	14	27	12	94	38	7	62	45	19	100	30	51	65	25	76	13
hsa-miR-33a-3p	1	30	16	19	7	2	5	18	14		20	13	5	10	4	3	12	4	6	5
hsa-miR-1909-5p																			1	
hsa-miR-1226-5p																	1			
hsa-miR-4461	1	2	3	2				1	2	1		2	1	1	2		2	4	3	
hsa-miR-3665	1												1	1						
hsa-miR-3610															2					
hsa-miR-4767	1	1	4	2	1	4		6	2	1		6					1		2	
hsa-miR-5095		1	1	3	2			1					3	1	4	1		1		
hsa-miR-296-3p	2		6	9		3		1	1		1	2	1	4	1	2	2	2	5	1
hsa-miR-7160-5p								1												
hsa-miR-6720-5p		3	2					1		1		2		1		2	2	1	1	
hsa-miR-4423-3p								1												
hsa-miR-214-3p	220	632	315	676	475	844	474	1284	288	310	648	301	599	1888	537	1134	866	1256	781	315
hsa-miR-519c-5p				0.333333333333333	0.166666666666667															
hsa-miR-1197		3	2	8	1			1				1	1	2	1		2			
hsa-miR-877-3p	1	3	2			6	3	1		1		1	1	3.5	2	3	2	1	1	
hsa-miR-3141												1								
hsa-miR-6752-3p							1			2				1		1		1		
hsa-miR-5008-3p			3	1	2			1		2		2	1							
hsa-miR-6087	17	12	29	30	34	13	13	11	9	18	6	20	45	17	21	18	23	22	15	24
hsa-miR-346	1	1		1	1	4	2	7	1	1	2	1	1	2		3	1	2	4	1
hsa-miR-21-5p	2715	115323	226989	86920	15132	3925	2291	46717	76504	2674	20691	192906	28250	59825	9886	8539	55305	2927	19631	2849
hsa-miR-27b-3p	8230.5	86192.5	111865.5	22224.5	10782	12723	9791	79339	41336	4941.5	61308	58300	11977	67529.5	30118	20523.5	45473	9835	27293.5	12342
hsa-miR-6885-3p							1				1	1	1		1			1		
hsa-miR-487b-5p				1										2						
hsa-miR-197-3p	241	275	446	310	246	826	328	658	247	207	240	241	266	424	312	1078	344	1201	433	228
hsa-miR-208b-3p	19	308	45	14	1	57	18	110	1		262	438		1160	74	1	471	89	31	2
hsa-miR-326	18	36	71	91	16	52	29	96	33	18	28	47	36	75	17	73	90	92	70	7
hsa-miR-4786-5p			1	2		1			1			1	2							
hsa-miR-24-2-5p	20	165	253	67	38	53	26	195	104	9	163	145	31	232	91	73	244	66	87	27
hsa-miR-5582-3p		1	1								1								2	
hsa-miR-205-3p	6	79	62	4	6	8	9	42	19		28	35	13	30	16	11	14	8	29	15
hsa-miR-1185-1-3p	2	5	4.5	3	4	2	1	7	2.5	4	10	3	7	9	2	1	7.5	2	2.5	1
hsa-miR-548g-5p			2.08333333333333			0.25	0.25		0.25			1.11666666666667		0.583333333333333					0.2	
hsa-miR-513c-5p													1	1		1				
hsa-miR-4800-5p													1							
hsa-miR-145-5p	2038	3165	1688	5862	1106	3677	2488	5808	1212	1989	3349	1958	1620	7206	3214	8100	5732	7315	9204	1870
hsa-miR-5693			1																	
hsa-miR-4780																		1		
hsa-miR-6846-3p			1															1		
hsa-miR-602								1												
hsa-miR-2355-5p	4	20	24	12	5	7	5	29	12	1	8	59	20	26	6	10	19	8	10	2
hsa-miR-4661-5p		2	2		2	1	1	4			3			2		3	4	1		1
hsa-miR-668-5p		1																		
hsa-miR-6754-3p															1				1	
hsa-miR-16-5p	1471	12513.5	22990	13517.5	3915	3886	2276	16891	14506	1604	11747	18157	5698.5	17821.5	5971	5989	17927	3362	6786.5	1472
hsa-miR-6124			1																	
hsa-miR-3159		1	2					1			1			1		1	1		1	
hsa-miR-1302														1						
hsa-miR-433-3p	2	8	1	19	5	13	1	16	6	4	7	6	2	16	12	9	11	12	6	4
hsa-miR-187-5p									1								1			
hsa-miR-514b-3p								1												
hsa-miR-1293	2	23	22		3	1		10	2		6	6		5	6	2	16	3	4	
hsa-miR-4785	1		2	2					3		3	2	1	2			3			1
hsa-miR-7706	15	27	44	22	14	38	12	36	34	9	33	23	19	41	26	32	44	20	32	17
hsa-miR-4749-3p			1			3				1		1	1					2		2
hsa-miR-1225-3p				1	1						1			1					1	
hsa-miR-4294									1											
hsa-miR-512-5p						1														
hsa-miR-6850-3p																	1			
hsa-miR-210-3p	193	838	1399	404	282	303	281	1683	592	62	1514	456	339	1285	836	320	903	224	416	213
hsa-miR-191-5p	6804	14622	18268	26256	8154	15614	8209	25416	14169	6996	13715	15339	16697	26796	11789	19451	24124	16509	20672	6591
hsa-miR-1976	1	3	4	9	1	5		7	1		4	1	4	6	1	2	6	2	5	1
hsa-miR-3177-3p		1	2			2					3			1					1	
hsa-miR-4687-5p	2		1	3	1	5	2	8	4		4	3		2	4	4	3	4	1	1
